
title='View'
 VARIABLES = x, y,"LevelSet" 
zone i=96  j=44  k=1  DATAPACKING=POINT 
-0.3947 -0.4561 0.32  
-0.3747 -0.4561 0.32  
-0.3547 -0.4561 0.32  
-0.3347 -0.4561 0.32  
-0.3147 -0.4561 0.32  
-0.2947 -0.4561 0.32  
-0.2747 -0.4561 0.32  
-0.2547 -0.4561 0.32  
-0.2347 -0.4561 0.32  
-0.2147 -0.4561 0.32  
-0.1947 -0.4561 0.32  
-0.1747 -0.4561 0.32  
-0.1547 -0.4561 0.32  
-0.1347 -0.4561 0.32  
-0.1147 -0.4561 0.32  
-0.0947 -0.4561 0.32  
-0.0747 -0.4561 0.32  
-0.0547 -0.4561 0.32  
-0.0347 -0.4561 0.32  
-0.0147 -0.4561 0.32  
0.0053 -0.4561 0.32  
0.0253 -0.4561 0.32  
0.0453 -0.4561 0.32  
0.0653 -0.4561 0.32  
0.0853 -0.4561 0.32  
0.1053 -0.4561 0.32  
0.1253 -0.4561 0.32  
0.1453 -0.4561 0.32  
0.1653 -0.4561 0.32  
0.1853 -0.4561 0.32  
0.2053 -0.4561 0.32  
0.2253 -0.4561 0.32  
0.2453 -0.4561 0.32  
0.2653 -0.4561 0.32  
0.2853 -0.4561 0.32  
0.3053 -0.4561 0.32  
0.3253 -0.4561 0.32  
0.3453 -0.4561 0.32  
0.3653 -0.4561 0.32  
0.3853 -0.4561 0.32  
0.4053 -0.4561 0.32  
0.4253 -0.4561 0.32  
0.4453 -0.4561 0.32  
0.4653 -0.4561 0.32  
0.4853 -0.4561 0.32  
0.5053 -0.4561 0.32  
0.5253 -0.4561 0.32  
0.5453 -0.4561 0.32  
0.5653 -0.4561 0.32  
0.5853 -0.4561 0.32  
0.6053 -0.4561 0.32  
0.6253 -0.4561 0.32  
0.6453 -0.4561 0.32  
0.6653 -0.4561 0.32  
0.6853 -0.4561 0.32  
0.7053 -0.4561 0.32  
0.7253 -0.4561 0.32  
0.7453 -0.4561 0.32  
0.7653 -0.4561 0.32  
0.7853 -0.4561 0.32  
0.8053 -0.4561 0.32  
0.8253 -0.4561 0.32  
0.8453 -0.4561 0.32  
0.8653 -0.4561 0.32  
0.8853 -0.4561 0.32  
0.9053 -0.4561 0.32  
0.9253 -0.4561 0.32  
0.9453 -0.4561 0.32  
0.9653 -0.4561 0.32  
0.9853 -0.4561 0.32  
1.0053 -0.4561 0.32  
1.0253 -0.4561 0.32  
1.0453 -0.4561 0.32  
1.0653 -0.4561 0.32  
1.0853 -0.4561 0.32  
1.1053 -0.4561 0.32  
1.1253 -0.4561 0.32  
1.1453 -0.4561 0.32  
1.1653 -0.4561 0.32  
1.1853 -0.4561 0.32  
1.2053 -0.4561 0.32  
1.2253 -0.4561 0.32  
1.2453 -0.4561 0.32  
1.2653 -0.4561 0.32  
1.2853 -0.4561 0.32  
1.3053 -0.4561 0.32  
1.3253 -0.4561 0.32  
1.3453 -0.4561 0.32  
1.3653 -0.4561 0.32  
1.3853 -0.4561 0.32  
1.4053 -0.4561 0.32  
1.4253 -0.4561 0.32  
1.4453 -0.4561 0.32  
1.4653 -0.4561 0.32  
1.4853 -0.4561 0.32  
1.5053 -0.4561 0.32  
-0.3947 -0.4361 0.32  
-0.3747 -0.4361 0.32  
-0.3547 -0.4361 0.32  
-0.3347 -0.4361 0.32  
-0.3147 -0.4361 0.32  
-0.2947 -0.4361 0.32  
-0.2747 -0.4361 0.32  
-0.2547 -0.4361 0.32  
-0.2347 -0.4361 0.32  
-0.2147 -0.4361 0.32  
-0.1947 -0.4361 0.32  
-0.1747 -0.4361 0.32  
-0.1547 -0.4361 0.32  
-0.1347 -0.4361 0.32  
-0.1147 -0.4361 0.32  
-0.0947 -0.4361 0.32  
-0.0747 -0.4361 0.32  
-0.0547 -0.4361 0.32  
-0.0347 -0.4361 0.32  
-0.0147 -0.4361 0.32  
0.0053 -0.4361 0.32  
0.0253 -0.4361 0.32  
0.0453 -0.4361 0.32  
0.0653 -0.4361 0.32  
0.0853 -0.4361 0.32  
0.1053 -0.4361 0.32  
0.1253 -0.4361 0.32  
0.1453 -0.4361 0.32  
0.1653 -0.4361 0.32  
0.1853 -0.4361 0.32  
0.2053 -0.4361 0.32  
0.2253 -0.4361 0.32  
0.2453 -0.4361 0.32  
0.2653 -0.4361 0.32  
0.2853 -0.4361 0.32  
0.3053 -0.4361 0.32  
0.3253 -0.4361 0.32  
0.3453 -0.4361 0.32  
0.3653 -0.4361 0.32  
0.3853 -0.4361 0.32  
0.4053 -0.4361 0.32  
0.4253 -0.4361 0.32  
0.4453 -0.4361 0.32  
0.4653 -0.4361 0.32  
0.4853 -0.4361 0.32  
0.5053 -0.4361 0.32  
0.5253 -0.4361 0.32  
0.5453 -0.4361 0.32  
0.5653 -0.4361 0.32  
0.5853 -0.4361 0.32  
0.6053 -0.4361 0.32  
0.6253 -0.4361 0.32  
0.6453 -0.4361 0.32  
0.6653 -0.4361 0.32  
0.6853 -0.4361 0.32  
0.7053 -0.4361 0.32  
0.7253 -0.4361 0.32  
0.7453 -0.4361 0.32  
0.7653 -0.4361 0.32  
0.7853 -0.4361 0.32  
0.8053 -0.4361 0.32  
0.8253 -0.4361 0.32  
0.8453 -0.4361 0.32  
0.8653 -0.4361 0.32  
0.8853 -0.4361 0.32  
0.9053 -0.4361 0.32  
0.9253 -0.4361 0.32  
0.9453 -0.4361 0.32  
0.9653 -0.4361 0.32  
0.9853 -0.4361 0.32  
1.0053 -0.4361 0.32  
1.0253 -0.4361 0.32  
1.0453 -0.4361 0.32  
1.0653 -0.4361 0.32  
1.0853 -0.4361 0.32  
1.1053 -0.4361 0.32  
1.1253 -0.4361 0.32  
1.1453 -0.4361 0.32  
1.1653 -0.4361 0.32  
1.1853 -0.4361 0.32  
1.2053 -0.4361 0.32  
1.2253 -0.4361 0.32  
1.2453 -0.4361 0.32  
1.2653 -0.4361 0.32  
1.2853 -0.4361 0.32  
1.3053 -0.4361 0.32  
1.3253 -0.4361 0.32  
1.3453 -0.4361 0.32  
1.3653 -0.4361 0.32  
1.3853 -0.4361 0.32  
1.4053 -0.4361 0.32  
1.4253 -0.4361 0.32  
1.4453 -0.4361 0.32  
1.4653 -0.4361 0.32  
1.4853 -0.4361 0.32  
1.5053 -0.4361 0.32  
-0.3947 -0.4161 0.32  
-0.3747 -0.4161 0.32  
-0.3547 -0.4161 0.32  
-0.3347 -0.4161 0.32  
-0.3147 -0.4161 0.32  
-0.2947 -0.4161 0.32  
-0.2747 -0.4161 0.32  
-0.2547 -0.4161 0.32  
-0.2347 -0.4161 0.32  
-0.2147 -0.4161 0.32  
-0.1947 -0.4161 0.32  
-0.1747 -0.4161 0.32  
-0.1547 -0.4161 0.32  
-0.1347 -0.4161 0.32  
-0.1147 -0.4161 0.32  
-0.0947 -0.4161 0.32  
-0.0747 -0.4161 0.32  
-0.0547 -0.4161 0.32  
-0.0347 -0.4161 0.32  
-0.0147 -0.4161 0.32  
0.0053 -0.4161 0.32  
0.0253 -0.4161 0.32  
0.0453 -0.4161 0.32  
0.0653 -0.4161 0.32  
0.0853 -0.4161 0.32  
0.1053 -0.4161 0.32  
0.1253 -0.4161 0.32  
0.1453 -0.4161 0.32  
0.1653 -0.4161 0.32  
0.1853 -0.4161 0.32  
0.2053 -0.4161 0.32  
0.2253 -0.4161 0.32  
0.2453 -0.4161 0.32  
0.2653 -0.4161 0.32  
0.2853 -0.4161 0.32  
0.3053 -0.4161 0.32  
0.3253 -0.4161 0.32  
0.3453 -0.4161 0.32  
0.3653 -0.4161 0.32  
0.3853 -0.4161 0.32  
0.4053 -0.4161 0.32  
0.4253 -0.4161 0.32  
0.4453 -0.4161 0.32  
0.4653 -0.4161 0.32  
0.4853 -0.4161 0.32  
0.5053 -0.4161 0.32  
0.5253 -0.4161 0.32  
0.5453 -0.4161 0.32  
0.5653 -0.4161 0.32  
0.5853 -0.4161 0.32  
0.6053 -0.4161 0.32  
0.6253 -0.4161 0.32  
0.6453 -0.4161 0.32  
0.6653 -0.4161 0.32  
0.6853 -0.4161 0.32  
0.7053 -0.4161 0.32  
0.7253 -0.4161 0.32  
0.7453 -0.4161 0.32  
0.7653 -0.4161 0.32  
0.7853 -0.4161 0.32  
0.8053 -0.4161 0.32  
0.8253 -0.4161 0.32  
0.8453 -0.4161 0.32  
0.8653 -0.4161 0.32  
0.8853 -0.4161 0.32  
0.9053 -0.4161 0.32  
0.9253 -0.4161 0.32  
0.9453 -0.4161 0.32  
0.9653 -0.4161 0.32  
0.9853 -0.4161 0.32  
1.0053 -0.4161 0.32  
1.0253 -0.4161 0.32  
1.0453 -0.4161 0.32  
1.0653 -0.4161 0.32  
1.0853 -0.4161 0.32  
1.1053 -0.4161 0.32  
1.1253 -0.4161 0.32  
1.1453 -0.4161 0.32  
1.1653 -0.4161 0.32  
1.1853 -0.4161 0.32  
1.2053 -0.4161 0.32  
1.2253 -0.4161 0.32  
1.2453 -0.4161 0.32  
1.2653 -0.4161 0.32  
1.2853 -0.4161 0.32  
1.3053 -0.4161 0.32  
1.3253 -0.4161 0.32  
1.3453 -0.4161 0.32  
1.3653 -0.4161 0.32  
1.3853 -0.4161 0.32  
1.4053 -0.4161 0.32  
1.4253 -0.4161 0.32  
1.4453 -0.4161 0.32  
1.4653 -0.4161 0.32  
1.4853 -0.4161 0.32  
1.5053 -0.4161 0.32  
-0.3947 -0.3961 0.32  
-0.3747 -0.3961 0.32  
-0.3547 -0.3961 0.32  
-0.3347 -0.3961 0.32  
-0.3147 -0.3961 0.32  
-0.2947 -0.3961 0.32  
-0.2747 -0.3961 0.32  
-0.2547 -0.3961 0.32  
-0.2347 -0.3961 0.32  
-0.2147 -0.3961 0.32  
-0.1947 -0.3961 0.32  
-0.1747 -0.3961 0.32  
-0.1547 -0.3961 0.32  
-0.1347 -0.3961 0.32  
-0.1147 -0.3961 0.32  
-0.0947 -0.3961 0.32  
-0.0747 -0.3961 0.32  
-0.0547 -0.3961 0.32  
-0.0347 -0.3961 0.32  
-0.0147 -0.3961 0.32  
0.0053 -0.3961 0.32  
0.0253 -0.3961 0.32  
0.0453 -0.3961 0.32  
0.0653 -0.3961 0.32  
0.0853 -0.3961 0.32  
0.1053 -0.3961 0.32  
0.1253 -0.3961 0.32  
0.1453 -0.3961 0.32  
0.1653 -0.3961 0.32  
0.1853 -0.3961 0.32  
0.2053 -0.3961 0.32  
0.2253 -0.3961 0.32  
0.2453 -0.3961 0.32  
0.2653 -0.3961 0.32  
0.2853 -0.3961 0.32  
0.3053 -0.3961 0.32  
0.3253 -0.3961 0.32  
0.3453 -0.3961 0.32  
0.3653 -0.3961 0.32  
0.3853 -0.3961 0.32  
0.4053 -0.3961 0.32  
0.4253 -0.3961 0.32  
0.4453 -0.3961 0.32  
0.4653 -0.3961 0.32  
0.4853 -0.3961 0.32  
0.5053 -0.3961 0.32  
0.5253 -0.3961 0.32  
0.5453 -0.3961 0.32  
0.5653 -0.3961 0.32  
0.5853 -0.3961 0.32  
0.6053 -0.3961 0.32  
0.6253 -0.3961 0.32  
0.6453 -0.3961 0.32  
0.6653 -0.3961 0.32  
0.6853 -0.3961 0.32  
0.7053 -0.3961 0.32  
0.7253 -0.3961 0.32  
0.7453 -0.3961 0.32  
0.7653 -0.3961 0.32  
0.7853 -0.3961 0.32  
0.8053 -0.3961 0.32  
0.8253 -0.3961 0.32  
0.8453 -0.3961 0.32  
0.8653 -0.3961 0.32  
0.8853 -0.3961 0.32  
0.9053 -0.3961 0.32  
0.9253 -0.3961 0.32  
0.9453 -0.3961 0.32  
0.9653 -0.3961 0.32  
0.9853 -0.3961 0.32  
1.0053 -0.3961 0.32  
1.0253 -0.3961 0.32  
1.0453 -0.3961 0.32  
1.0653 -0.3961 0.32  
1.0853 -0.3961 0.32  
1.1053 -0.3961 0.32  
1.1253 -0.3961 0.32  
1.1453 -0.3961 0.32  
1.1653 -0.3961 0.32  
1.1853 -0.3961 0.32  
1.2053 -0.3961 0.32  
1.2253 -0.3961 0.32  
1.2453 -0.3961 0.32  
1.2653 -0.3961 0.32  
1.2853 -0.3961 0.32  
1.3053 -0.3961 0.32  
1.3253 -0.3961 0.32  
1.3453 -0.3961 0.32  
1.3653 -0.3961 0.32  
1.3853 -0.3961 0.32  
1.4053 -0.3961 0.32  
1.4253 -0.3961 0.32  
1.4453 -0.3961 0.32  
1.4653 -0.3961 0.32  
1.4853 -0.3961 0.32  
1.5053 -0.3961 0.32  
-0.3947 -0.3761 0.32  
-0.3747 -0.3761 0.32  
-0.3547 -0.3761 0.32  
-0.3347 -0.3761 0.32  
-0.3147 -0.3761 0.32  
-0.2947 -0.3761 0.32  
-0.2747 -0.3761 0.32  
-0.2547 -0.3761 0.32  
-0.2347 -0.3761 0.32  
-0.2147 -0.3761 0.32  
-0.1947 -0.3761 0.32  
-0.1747 -0.3761 0.32  
-0.1547 -0.3761 0.32  
-0.1347 -0.3761 0.32  
-0.1147 -0.3761 0.32  
-0.0947 -0.3761 0.32  
-0.0747 -0.3761 0.32  
-0.0547 -0.3761 0.32  
-0.0347 -0.3761 0.32  
-0.0147 -0.3761 0.32  
0.0053 -0.3761 0.32  
0.0253 -0.3761 0.32  
0.0453 -0.3761 0.32  
0.0653 -0.3761 0.32  
0.0853 -0.3761 0.32  
0.1053 -0.3761 0.32  
0.1253 -0.3761 0.32  
0.1453 -0.3761 0.32  
0.1653 -0.3761 0.32  
0.1853 -0.3761 0.32  
0.2053 -0.3761 0.32  
0.2253 -0.3761 0.32  
0.2453 -0.3761 0.32  
0.2653 -0.3761 0.32  
0.2853 -0.3761 0.32  
0.3053 -0.3761 0.32  
0.3253 -0.3761 0.32  
0.3453 -0.3761 0.32  
0.3653 -0.3761 0.32  
0.3853 -0.3761 0.32  
0.4053 -0.3761 0.32  
0.4253 -0.3761 0.32  
0.4453 -0.3761 0.32  
0.4653 -0.3761 0.32  
0.4853 -0.3761 0.32  
0.5053 -0.3761 0.32  
0.5253 -0.3761 0.32  
0.5453 -0.3761 0.32  
0.5653 -0.3761 0.32  
0.5853 -0.3761 0.32  
0.6053 -0.3761 0.32  
0.6253 -0.3761 0.32  
0.6453 -0.3761 0.32  
0.6653 -0.3761 0.32  
0.6853 -0.3761 0.32  
0.7053 -0.3761 0.32  
0.7253 -0.3761 0.32  
0.7453 -0.3761 0.32  
0.7653 -0.3761 0.32  
0.7853 -0.3761 0.32  
0.8053 -0.3761 0.32  
0.8253 -0.3761 0.32  
0.8453 -0.3761 0.32  
0.8653 -0.3761 0.32  
0.8853 -0.3761 0.32  
0.9053 -0.3761 0.32  
0.9253 -0.3761 0.32  
0.9453 -0.3761 0.32  
0.9653 -0.3761 0.32  
0.9853 -0.3761 0.32  
1.0053 -0.3761 0.32  
1.0253 -0.3761 0.32  
1.0453 -0.3761 0.32  
1.0653 -0.3761 0.32  
1.0853 -0.3761 0.32  
1.1053 -0.3761 0.32  
1.1253 -0.3761 0.32  
1.1453 -0.3761 0.32  
1.1653 -0.3761 0.32  
1.1853 -0.3761 0.32  
1.2053 -0.3761 0.32  
1.2253 -0.3761 0.32  
1.2453 -0.3761 0.32  
1.2653 -0.3761 0.32  
1.2853 -0.3761 0.32  
1.3053 -0.3761 0.32  
1.3253 -0.3761 0.32  
1.3453 -0.3761 0.32  
1.3653 -0.3761 0.32  
1.3853 -0.3761 0.32  
1.4053 -0.3761 0.32  
1.4253 -0.3761 0.32  
1.4453 -0.3761 0.32  
1.4653 -0.3761 0.32  
1.4853 -0.3761 0.32  
1.5053 -0.3761 0.32  
-0.3947 -0.3561 0.32  
-0.3747 -0.3561 0.32  
-0.3547 -0.3561 0.32  
-0.3347 -0.3561 0.32  
-0.3147 -0.3561 0.32  
-0.2947 -0.3561 0.32  
-0.2747 -0.3561 0.32  
-0.2547 -0.3561 0.32  
-0.2347 -0.3561 0.32  
-0.2147 -0.3561 0.32  
-0.1947 -0.3561 0.32  
-0.1747 -0.3561 0.32  
-0.1547 -0.3561 0.32  
-0.1347 -0.3561 0.32  
-0.1147 -0.3561 0.32  
-0.0947 -0.3561 0.32  
-0.0747 -0.3561 0.32  
-0.0547 -0.3561 0.32  
-0.0347 -0.3561 0.32  
-0.0147 -0.3561 0.32  
0.0053 -0.3561 0.32  
0.0253 -0.3561 0.32  
0.0453 -0.3561 0.32  
0.0653 -0.3561 0.32  
0.0853 -0.3561 0.32  
0.1053 -0.3561 0.32  
0.1253 -0.3561 0.32  
0.1453 -0.3561 0.32  
0.1653 -0.3561 0.32  
0.1853 -0.3561 0.32  
0.2053 -0.3561 0.32  
0.2253 -0.3561 0.32  
0.2453 -0.3561 0.32  
0.2653 -0.3561 0.32  
0.2853 -0.3561 0.32  
0.3053 -0.3561 0.32  
0.3253 -0.3561 0.32  
0.3453 -0.3561 0.32  
0.3653 -0.3561 0.32  
0.3853 -0.3561 0.32  
0.4053 -0.3561 0.32  
0.4253 -0.3561 0.32  
0.4453 -0.3561 0.32  
0.4653 -0.3561 0.32  
0.4853 -0.3561 0.32  
0.5053 -0.3561 0.32  
0.5253 -0.3561 0.32  
0.5453 -0.3561 0.32  
0.5653 -0.3561 0.32  
0.5853 -0.3561 0.32  
0.6053 -0.3561 0.32  
0.6253 -0.3561 0.32  
0.6453 -0.3561 0.32  
0.6653 -0.3561 0.32  
0.6853 -0.3561 0.32  
0.7053 -0.3561 0.32  
0.7253 -0.3561 0.32  
0.7453 -0.3561 0.32  
0.7653 -0.3561 0.32  
0.7853 -0.3561 0.32  
0.8053 -0.3561 0.32  
0.8253 -0.3561 0.32  
0.8453 -0.3561 0.32  
0.8653 -0.3561 0.32  
0.8853 -0.3561 0.32  
0.9053 -0.3561 0.32  
0.9253 -0.3561 0.32  
0.9453 -0.3561 0.32  
0.9653 -0.3561 0.32  
0.9853 -0.3561 0.32  
1.0053 -0.3561 0.32  
1.0253 -0.3561 0.32  
1.0453 -0.3561 0.32  
1.0653 -0.3561 0.32  
1.0853 -0.3561 0.32  
1.1053 -0.3561 0.32  
1.1253 -0.3561 0.32  
1.1453 -0.3561 0.32  
1.1653 -0.3561 0.32  
1.1853 -0.3561 0.32  
1.2053 -0.3561 0.32  
1.2253 -0.3561 0.32  
1.2453 -0.3561 0.32  
1.2653 -0.3561 0.32  
1.2853 -0.3561 0.32  
1.3053 -0.3561 0.32  
1.3253 -0.3561 0.32  
1.3453 -0.3561 0.32  
1.3653 -0.3561 0.32  
1.3853 -0.3561 0.32  
1.4053 -0.3561 0.32  
1.4253 -0.3561 0.32  
1.4453 -0.3561 0.32  
1.4653 -0.3561 0.32  
1.4853 -0.3561 0.32  
1.5053 -0.3561 0.32  
-0.3947 -0.3361 0.32  
-0.3747 -0.3361 0.32  
-0.3547 -0.3361 0.32  
-0.3347 -0.3361 0.32  
-0.3147 -0.3361 0.32  
-0.2947 -0.3361 0.32  
-0.2747 -0.3361 0.32  
-0.2547 -0.3361 0.32  
-0.2347 -0.3361 0.32  
-0.2147 -0.3361 0.32  
-0.1947 -0.3361 0.32  
-0.1747 -0.3361 0.32  
-0.1547 -0.3361 0.32  
-0.1347 -0.3361 0.32  
-0.1147 -0.3361 0.32  
-0.0947 -0.3361 0.32  
-0.0747 -0.3361 0.32  
-0.0547 -0.3361 0.32  
-0.0347 -0.3361 0.32  
-0.0147 -0.3361 0.32  
0.0053 -0.3361 0.32  
0.0253 -0.3361 0.32  
0.0453 -0.3361 0.32  
0.0653 -0.3361 0.32  
0.0853 -0.3361 0.32  
0.1053 -0.3361 0.32  
0.1253 -0.3361 0.32  
0.1453 -0.3361 0.32  
0.1653 -0.3361 0.32  
0.1853 -0.3361 0.32  
0.2053 -0.3361 0.32  
0.2253 -0.3361 0.32  
0.2453 -0.3361 0.32  
0.2653 -0.3361 0.32  
0.2853 -0.3361 0.32  
0.3053 -0.3361 0.32  
0.3253 -0.3361 0.32  
0.3453 -0.3361 0.32  
0.3653 -0.3361 0.32  
0.3853 -0.3361 0.32  
0.4053 -0.3361 0.32  
0.4253 -0.3361 0.32  
0.4453 -0.3361 0.32  
0.4653 -0.3361 0.32  
0.4853 -0.3361 0.32  
0.5053 -0.3361 0.32  
0.5253 -0.3361 0.32  
0.5453 -0.3361 0.32  
0.5653 -0.3361 0.32  
0.5853 -0.3361 0.32  
0.6053 -0.3361 0.32  
0.6253 -0.3361 0.32  
0.6453 -0.3361 0.32  
0.6653 -0.3361 0.32  
0.6853 -0.3361 0.32  
0.7053 -0.3361 0.32  
0.7253 -0.3361 0.32  
0.7453 -0.3361 0.32  
0.7653 -0.3361 0.32  
0.7853 -0.3361 0.32  
0.8053 -0.3361 0.32  
0.8253 -0.3361 0.32  
0.8453 -0.3361 0.32  
0.8653 -0.3361 0.32  
0.8853 -0.3361 0.32  
0.9053 -0.3361 0.32  
0.9253 -0.3361 0.32  
0.9453 -0.3361 0.32  
0.9653 -0.3361 0.32  
0.9853 -0.3361 0.32  
1.0053 -0.3361 0.32  
1.0253 -0.3361 0.32  
1.0453 -0.3361 0.32  
1.0653 -0.3361 0.32  
1.0853 -0.3361 0.32  
1.1053 -0.3361 0.32  
1.1253 -0.3361 0.32  
1.1453 -0.3361 0.32  
1.1653 -0.3361 0.32  
1.1853 -0.3361 0.32  
1.2053 -0.3361 0.32  
1.2253 -0.3361 0.32  
1.2453 -0.3361 0.32  
1.2653 -0.3361 0.32  
1.2853 -0.3361 0.32  
1.3053 -0.3361 0.32  
1.3253 -0.3361 0.32  
1.3453 -0.3361 0.32  
1.3653 -0.3361 0.32  
1.3853 -0.3361 0.32  
1.4053 -0.3361 0.32  
1.4253 -0.3361 0.32  
1.4453 -0.3361 0.32  
1.4653 -0.3361 0.32  
1.4853 -0.3361 0.32  
1.5053 -0.3361 0.32  
-0.3947 -0.3161 0.32  
-0.3747 -0.3161 0.32  
-0.3547 -0.3161 0.32  
-0.3347 -0.3161 0.32  
-0.3147 -0.3161 0.32  
-0.2947 -0.3161 0.32  
-0.2747 -0.3161 0.32  
-0.2547 -0.3161 0.32  
-0.2347 -0.3161 0.32  
-0.2147 -0.3161 0.32  
-0.1947 -0.3161 0.32  
-0.1747 -0.3161 0.32  
-0.1547 -0.3161 0.32  
-0.1347 -0.3161 0.32  
-0.1147 -0.3161 0.32  
-0.0947 -0.3161 0.32  
-0.0747 -0.3161 0.32  
-0.0547 -0.3161 0.32  
-0.0347 -0.3161 0.32  
-0.0147 -0.3161 0.32  
0.0053 -0.3161 0.32  
0.0253 -0.3161 0.32  
0.0453 -0.3161 0.32  
0.0653 -0.3161 0.32  
0.0853 -0.3161 0.32  
0.1053 -0.3161 0.32  
0.1253 -0.3161 0.32  
0.1453 -0.3161 0.32  
0.1653 -0.3161 0.32  
0.1853 -0.3161 0.32  
0.2053 -0.3161 0.32  
0.2253 -0.3161 0.32  
0.2453 -0.3161 0.32  
0.2653 -0.3161 0.32  
0.2853 -0.3161 0.32  
0.3053 -0.3161 0.32  
0.3253 -0.3161 0.32  
0.3453 -0.3161 0.32  
0.3653 -0.3161 0.32  
0.3853 -0.3161 0.32  
0.4053 -0.3161 0.32  
0.4253 -0.3161 0.32  
0.4453 -0.3161 0.32  
0.4653 -0.3161 0.32  
0.4853 -0.3161 0.32  
0.5053 -0.3161 0.32  
0.5253 -0.3161 0.32  
0.5453 -0.3161 0.32  
0.5653 -0.3161 0.32  
0.5853 -0.3161 0.32  
0.6053 -0.3161 0.32  
0.6253 -0.3161 0.32  
0.6453 -0.3161 0.32  
0.6653 -0.3161 0.32  
0.6853 -0.3161 0.32  
0.7053 -0.3161 0.32  
0.7253 -0.3161 0.32  
0.7453 -0.3161 0.32  
0.7653 -0.3161 0.32  
0.7853 -0.3161 0.32  
0.8053 -0.3161 0.32  
0.8253 -0.3161 0.32  
0.8453 -0.3161 0.32  
0.8653 -0.3161 0.32  
0.8853 -0.3161 0.32  
0.9053 -0.3161 0.32  
0.9253 -0.3161 0.32  
0.9453 -0.3161 0.32  
0.9653 -0.3161 0.32  
0.9853 -0.3161 0.32  
1.0053 -0.3161 0.32  
1.0253 -0.3161 0.32  
1.0453 -0.3161 0.32  
1.0653 -0.3161 0.32  
1.0853 -0.3161 0.32  
1.1053 -0.3161 0.32  
1.1253 -0.3161 0.32  
1.1453 -0.3161 0.32  
1.1653 -0.3161 0.32  
1.1853 -0.3161 0.32  
1.2053 -0.3161 0.32  
1.2253 -0.3161 0.32  
1.2453 -0.3161 0.32  
1.2653 -0.3161 0.32  
1.2853 -0.3161 0.32  
1.3053 -0.3161 0.32  
1.3253 -0.3161 0.32  
1.3453 -0.3161 0.32  
1.3653 -0.3161 0.32  
1.3853 -0.3161 0.32  
1.4053 -0.3161 0.32  
1.4253 -0.3161 0.32  
1.4453 -0.3161 0.32  
1.4653 -0.3161 0.32  
1.4853 -0.3161 0.32  
1.5053 -0.3161 0.32  
-0.3947 -0.2961 0.32  
-0.3747 -0.2961 0.32  
-0.3547 -0.2961 0.32  
-0.3347 -0.2961 0.32  
-0.3147 -0.2961 0.32  
-0.2947 -0.2961 0.32  
-0.2747 -0.2961 0.32  
-0.2547 -0.2961 0.32  
-0.2347 -0.2961 0.24158  
-0.2147 -0.2961 0.229314  
-0.1947 -0.2961 0.218037  
-0.1747 -0.2961 0.207799  
-0.1547 -0.2961 0.199048  
-0.1347 -0.2961 0.191766  
-0.1147 -0.2961 0.186027  
-0.0947 -0.2961 0.182302  
-0.0747 -0.2961 0.180161  
-0.0547 -0.2961 0.179961  
-0.0347 -0.2961 0.181574  
-0.0147 -0.2961 0.184682  
0.0053 -0.2961 0.189046  
0.0253 -0.2961 0.194148  
0.0453 -0.2961 0.200662  
0.0653 -0.2961 0.208675  
0.0853 -0.2961 0.218232  
0.1053 -0.2961 0.22914  
0.1253 -0.2961 0.241216  
0.1453 -0.2961 0.250958  
0.1653 -0.2961 0.32  
0.1853 -0.2961 0.32  
0.2053 -0.2961 0.32  
0.2253 -0.2961 0.32  
0.2453 -0.2961 0.32  
0.2653 -0.2961 0.32  
0.2853 -0.2961 0.32  
0.3053 -0.2961 0.32  
0.3253 -0.2961 0.32  
0.3453 -0.2961 0.32  
0.3653 -0.2961 0.32  
0.3853 -0.2961 0.32  
0.4053 -0.2961 0.32  
0.4253 -0.2961 0.32  
0.4453 -0.2961 0.32  
0.4653 -0.2961 0.32  
0.4853 -0.2961 0.32  
0.5053 -0.2961 0.32  
0.5253 -0.2961 0.32  
0.5453 -0.2961 0.32  
0.5653 -0.2961 0.32  
0.5853 -0.2961 0.32  
0.6053 -0.2961 0.32  
0.6253 -0.2961 0.32  
0.6453 -0.2961 0.32  
0.6653 -0.2961 0.32  
0.6853 -0.2961 0.32  
0.7053 -0.2961 0.32  
0.7253 -0.2961 0.32  
0.7453 -0.2961 0.32  
0.7653 -0.2961 0.32  
0.7853 -0.2961 0.32  
0.8053 -0.2961 0.32  
0.8253 -0.2961 0.32  
0.8453 -0.2961 0.32  
0.8653 -0.2961 0.32  
0.8853 -0.2961 0.32  
0.9053 -0.2961 0.32  
0.9253 -0.2961 0.32  
0.9453 -0.2961 0.32  
0.9653 -0.2961 0.219072  
0.9853 -0.2961 0.2069  
1.0053 -0.2961 0.193982  
1.0253 -0.2961 0.181959  
1.0453 -0.2961 0.171432  
1.0653 -0.2961 0.162693  
1.0853 -0.2961 0.156042  
1.1053 -0.2961 0.151753  
1.1253 -0.2961 0.15003  
1.1453 -0.2961 0.15096  
1.1653 -0.2961 0.154496  
1.1853 -0.2961 0.160465  
1.2053 -0.2961 0.168609  
1.2253 -0.2961 0.178631  
1.2453 -0.2961 0.190234  
1.2653 -0.2961 0.203148  
1.2853 -0.2961 0.32  
1.3053 -0.2961 0.32  
1.3253 -0.2961 0.32  
1.3453 -0.2961 0.32  
1.3653 -0.2961 0.32  
1.3853 -0.2961 0.32  
1.4053 -0.2961 0.32  
1.4253 -0.2961 0.32  
1.4453 -0.2961 0.32  
1.4653 -0.2961 0.32  
1.4853 -0.2961 0.32  
1.5053 -0.2961 0.32  
-0.3947 -0.2761 0.32  
-0.3747 -0.2761 0.32  
-0.3547 -0.2761 0.32  
-0.3347 -0.2761 0.32  
-0.3147 -0.2761 0.32  
-0.2947 -0.2761 0.32  
-0.2747 -0.2761 0.32  
-0.2547 -0.2761 0.32  
-0.2347 -0.2761 0.226559  
-0.2147 -0.2761 0.213431  
-0.1947 -0.2761 0.201437  
-0.1747 -0.2761 0.190453  
-0.1547 -0.2761 0.180865  
-0.1347 -0.2761 0.173035  
-0.1147 -0.2761 0.166668  
-0.0947 -0.2761 0.162512  
-0.0747 -0.2761 0.160194  
-0.0547 -0.2761 0.159969  
-0.0347 -0.2761 0.161729  
-0.0147 -0.2761 0.165056  
0.0053 -0.2761 0.169642  
0.0253 -0.2761 0.175136  
0.0453 -0.2761 0.182135  
0.0653 -0.2761 0.190927  
0.0853 -0.2761 0.201329  
0.1053 -0.2761 0.213104  
0.1253 -0.2761 0.226038  
0.1453 -0.2761 0.231025  
0.1653 -0.2761 0.32  
0.1853 -0.2761 0.32  
0.2053 -0.2761 0.32  
0.2253 -0.2761 0.32  
0.2453 -0.2761 0.32  
0.2653 -0.2761 0.32  
0.2853 -0.2761 0.32  
0.3053 -0.2761 0.32  
0.3253 -0.2761 0.32  
0.3453 -0.2761 0.32  
0.3653 -0.2761 0.32  
0.3853 -0.2761 0.32  
0.4053 -0.2761 0.32  
0.4253 -0.2761 0.32  
0.4453 -0.2761 0.32  
0.4653 -0.2761 0.32  
0.4853 -0.2761 0.32  
0.5053 -0.2761 0.32  
0.5253 -0.2761 0.32  
0.5453 -0.2761 0.32  
0.5653 -0.2761 0.32  
0.5853 -0.2761 0.32  
0.6053 -0.2761 0.32  
0.6253 -0.2761 0.32  
0.6453 -0.2761 0.32  
0.6653 -0.2761 0.32  
0.6853 -0.2761 0.32  
0.7053 -0.2761 0.32  
0.7253 -0.2761 0.32  
0.7453 -0.2761 0.32  
0.7653 -0.2761 0.32  
0.7853 -0.2761 0.32  
0.8053 -0.2761 0.32  
0.8253 -0.2761 0.32  
0.8453 -0.2761 0.32  
0.8653 -0.2761 0.32  
0.8853 -0.2761 0.32  
0.9053 -0.2761 0.32  
0.9253 -0.2761 0.32  
0.9453 -0.2761 0.32  
0.9653 -0.2761 0.20277  
0.9853 -0.2761 0.191089  
1.0053 -0.2761 0.178719  
1.0253 -0.2761 0.165858  
1.0453 -0.2761 0.154237  
1.0653 -0.2761 0.144461  
1.0853 -0.2761 0.136927  
1.1053 -0.2761 0.132019  
1.1253 -0.2761 0.130035  
1.1453 -0.2761 0.131107  
1.1653 -0.2761 0.135163  
1.1853 -0.2761 0.141947  
1.2053 -0.2761 0.151093  
1.2253 -0.2761 0.1622  
1.2453 -0.2761 0.174897  
1.2653 -0.2761 0.188862  
1.2853 -0.2761 0.32  
1.3053 -0.2761 0.32  
1.3253 -0.2761 0.32  
1.3453 -0.2761 0.32  
1.3653 -0.2761 0.32  
1.3853 -0.2761 0.32  
1.4053 -0.2761 0.32  
1.4253 -0.2761 0.32  
1.4453 -0.2761 0.32  
1.4653 -0.2761 0.32  
1.4853 -0.2761 0.32  
1.5053 -0.2761 0.32  
-0.3947 -0.2561 0.32  
-0.3747 -0.2561 0.32  
-0.3547 -0.2561 0.32  
-0.3347 -0.2561 0.32  
-0.3147 -0.2561 0.32  
-0.2947 -0.2561 0.32  
-0.2747 -0.2561 0.32  
-0.2547 -0.2561 0.32  
-0.2347 -0.2561 0.212361  
-0.2147 -0.2561 0.198295  
-0.1947 -0.2561 0.185324  
-0.1747 -0.2561 0.173663  
-0.1547 -0.2561 0.163108  
-0.1347 -0.2561 0.154416  
-0.1147 -0.2561 0.147479  
-0.0947 -0.2561 0.142766  
-0.0747 -0.2561 0.140236  
-0.0547 -0.2561 0.139979  
-0.0347 -0.2561 0.141891  
-0.0147 -0.2561 0.145517  
0.0053 -0.2561 0.150205  
0.0253 -0.2561 0.156209  
0.0453 -0.2561 0.163955  
0.0653 -0.2561 0.17367  
0.0853 -0.2561 0.185044  
0.1053 -0.2561 0.197791  
0.1253 -0.2561 0.211663  
0.1453 -0.2561 0.211095  
0.1653 -0.2561 0.32  
0.1853 -0.2561 0.32  
0.2053 -0.2561 0.32  
0.2253 -0.2561 0.32  
0.2453 -0.2561 0.32  
0.2653 -0.2561 0.32  
0.2853 -0.2561 0.32  
0.3053 -0.2561 0.32  
0.3253 -0.2561 0.32  
0.3453 -0.2561 0.32  
0.3653 -0.2561 0.32  
0.3853 -0.2561 0.32  
0.4053 -0.2561 0.32  
0.4253 -0.2561 0.32  
0.4453 -0.2561 0.32  
0.4653 -0.2561 0.32  
0.4853 -0.2561 0.32  
0.5053 -0.2561 0.32  
0.5253 -0.2561 0.32  
0.5453 -0.2561 0.32  
0.5653 -0.2561 0.32  
0.5853 -0.2561 0.32  
0.6053 -0.2561 0.32  
0.6253 -0.2561 0.32  
0.6453 -0.2561 0.32  
0.6653 -0.2561 0.32  
0.6853 -0.2561 0.32  
0.7053 -0.2561 0.32  
0.7253 -0.2561 0.32  
0.7453 -0.2561 0.32  
0.7653 -0.2561 0.32  
0.7853 -0.2561 0.32  
0.8053 -0.2561 0.32  
0.8253 -0.2561 0.32  
0.8453 -0.2561 0.32  
0.8653 -0.2561 0.32  
0.8853 -0.2561 0.32  
0.9053 -0.2561 0.32  
0.9253 -0.2561 0.32  
0.9453 -0.2561 0.32  
0.9653 -0.2561 0.186081  
0.9853 -0.2561 0.17495  
1.0053 -0.2561 0.163106  
1.0253 -0.2561 0.150543  
1.0453 -0.2561 0.137801  
1.0653 -0.2561 0.126764  
1.0853 -0.2561 0.118106  
1.1053 -0.2561 0.112379  
1.1253 -0.2561 0.110041  
1.1453 -0.2561 0.111306  
1.1653 -0.2561 0.116056  
1.1853 -0.2561 0.123891  
1.2053 -0.2561 0.134272  
1.2253 -0.2561 0.146659  
1.2453 -0.2561 0.16059  
1.2653 -0.2561 0.175696  
1.2853 -0.2561 0.32  
1.3053 -0.2561 0.32  
1.3253 -0.2561 0.32  
1.3453 -0.2561 0.32  
1.3653 -0.2561 0.32  
1.3853 -0.2561 0.32  
1.4053 -0.2561 0.32  
1.4253 -0.2561 0.32  
1.4453 -0.2561 0.32  
1.4653 -0.2561 0.32  
1.4853 -0.2561 0.32  
1.5053 -0.2561 0.32  
-0.3947 -0.2361 0.32  
-0.3747 -0.2361 0.32  
-0.3547 -0.2361 0.32  
-0.3347 -0.2361 0.32  
-0.3147 -0.2361 0.32  
-0.2947 -0.2361 0.32  
-0.2747 -0.2361 0.32  
-0.2547 -0.2361 0.32  
-0.2347 -0.2361 0.199143  
-0.2147 -0.2361 0.18409  
-0.1947 -0.2361 0.170038  
-0.1747 -0.2361 0.15728  
-0.1547 -0.2361 0.145932  
-0.1347 -0.2361 0.136148  
-0.1147 -0.2361 0.128538  
-0.0947 -0.2361 0.123102  
-0.0747 -0.2361 0.120292  
-0.0547 -0.2361 0.119992  
-0.0347 -0.2361 0.122103  
-0.0147 -0.2361 0.125996  
0.0053 -0.2361 0.130926  
0.0253 -0.2361 0.137511  
0.0453 -0.2361 0.146251  
0.0653 -0.2361 0.157065  
0.0853 -0.2361 0.169556  
0.1053 -0.2361 0.183383  
0.1253 -0.2361 0.193135  
0.1453 -0.2361 0.191178  
0.1653 -0.2361 0.32  
0.1853 -0.2361 0.32  
0.2053 -0.2361 0.32  
0.2253 -0.2361 0.32  
0.2453 -0.2361 0.32  
0.2653 -0.2361 0.32  
0.2853 -0.2361 0.32  
0.3053 -0.2361 0.32  
0.3253 -0.2361 0.32  
0.3453 -0.2361 0.32  
0.3653 -0.2361 0.32  
0.3853 -0.2361 0.32  
0.4053 -0.2361 0.32  
0.4253 -0.2361 0.32  
0.4453 -0.2361 0.32  
0.4653 -0.2361 0.32  
0.4853 -0.2361 0.32  
0.5053 -0.2361 0.32  
0.5253 -0.2361 0.32  
0.5453 -0.2361 0.32  
0.5653 -0.2361 0.32  
0.5853 -0.2361 0.32  
0.6053 -0.2361 0.32  
0.6253 -0.2361 0.32  
0.6453 -0.2361 0.32  
0.6653 -0.2361 0.32  
0.6853 -0.2361 0.32  
0.7053 -0.2361 0.32  
0.7253 -0.2361 0.32  
0.7453 -0.2361 0.32  
0.7653 -0.2361 0.32  
0.7853 -0.2361 0.32  
0.8053 -0.2361 0.32  
0.8253 -0.2361 0.32  
0.8453 -0.2361 0.32  
0.8653 -0.2361 0.32  
0.8853 -0.2361 0.32  
0.9053 -0.2361 0.32  
0.9253 -0.2361 0.32  
0.9453 -0.2361 0.32  
0.9653 -0.2361 0.168997  
0.9853 -0.2361 0.158387  
1.0053 -0.2361 0.147031  
1.0253 -0.2361 0.1351  
1.0453 -0.2361 0.122367  
1.0653 -0.2361 0.109859  
1.0853 -0.2361 0.0997447  
1.1053 -0.2361 0.0928924  
1.1253 -0.2361 0.09005  
1.1453 -0.2361 0.0915915  
1.1653 -0.2361 0.0973088  
1.1853 -0.2361 0.106532  
1.2053 -0.2361 0.118444  
1.2253 -0.2361 0.132322  
1.2453 -0.2361 0.147611  
1.2653 -0.2361 0.163918  
1.2853 -0.2361 0.32  
1.3053 -0.2361 0.32  
1.3253 -0.2361 0.32  
1.3453 -0.2361 0.32  
1.3653 -0.2361 0.32  
1.3853 -0.2361 0.32  
1.4053 -0.2361 0.32  
1.4253 -0.2361 0.32  
1.4453 -0.2361 0.32  
1.4653 -0.2361 0.32  
1.4853 -0.2361 0.32  
1.5053 -0.2361 0.32  
-0.3947 -0.2161 0.32  
-0.3747 -0.2161 0.32  
-0.3547 -0.2161 0.32  
-0.3347 -0.2161 0.32  
-0.3147 -0.2161 0.32  
-0.2947 -0.2161 0.32  
-0.2747 -0.2161 0.32  
-0.2547 -0.2161 0.32  
-0.2347 -0.2161 0.186715  
-0.2147 -0.2161 0.170969  
-0.1947 -0.2161 0.155824  
-0.1747 -0.2161 0.141792  
-0.1547 -0.2161 0.129341  
-0.1347 -0.2161 0.118441  
-0.1147 -0.2161 0.109855  
-0.0947 -0.2161 0.103567  
-0.0747 -0.2161 0.10037  
-0.0547 -0.2161 0.10001  
-0.0347 -0.2161 0.102394  
-0.0147 -0.2161 0.106587  
0.0053 -0.2161 0.111891  
0.0253 -0.2161 0.119236  
0.0453 -0.2161 0.129218  
0.0653 -0.2161 0.141341  
0.0853 -0.2161 0.155104  
0.1053 -0.2161 0.17011  
0.1253 -0.2161 0.173231  
0.1453 -0.2161 0.171273  
0.1653 -0.2161 0.169515  
0.1853 -0.2161 0.167923  
0.2053 -0.2161 0.166515  
0.2253 -0.2161 0.165276  
0.2453 -0.2161 0.164197  
0.2653 -0.2161 0.163316  
0.2853 -0.2161 0.162636  
0.3053 -0.2161 0.162083  
0.3253 -0.2161 0.161737  
0.3453 -0.2161 0.161512  
0.3653 -0.2161 0.1615  
0.3853 -0.2161 0.161704  
0.4053 -0.2161 0.162124  
0.4253 -0.2161 0.162757  
0.4453 -0.2161 0.163702  
0.4653 -0.2161 0.164751  
0.4853 -0.2161 0.166111  
0.5053 -0.2161 0.167739  
0.5253 -0.2161 0.169631  
0.5453 -0.2161 0.171725  
0.5653 -0.2161 0.174105  
0.5853 -0.2161 0.176728  
0.6053 -0.2161 0.179563  
0.6253 -0.2161 0.182587  
0.6453 -0.2161 0.185853  
0.6653 -0.2161 0.189291  
0.6853 -0.2161 0.192778  
0.7053 -0.2161 0.196363  
0.7253 -0.2161 0.32  
0.7453 -0.2161 0.32  
0.7653 -0.2161 0.32  
0.7853 -0.2161 0.32  
0.8053 -0.2161 0.214972  
0.8253 -0.2161 0.207397  
0.8453 -0.2161 0.200555  
0.8653 -0.2161 0.193457  
0.8853 -0.2161 0.186067  
0.9053 -0.2161 0.178183  
0.9253 -0.2161 0.169857  
0.9453 -0.2161 0.161086  
0.9653 -0.2161 0.151642  
0.9853 -0.2161 0.141547  
1.0053 -0.2161 0.13066  
1.0253 -0.2161 0.119073  
1.0453 -0.2161 0.107029  
1.0653 -0.2161 0.094157  
1.0853 -0.2161 0.0821523  
1.1053 -0.2161 0.0736817  
1.1253 -0.2161 0.0700643  
1.1453 -0.2161 0.0720347  
1.1653 -0.2161 0.079177  
1.1853 -0.2161 0.0902718  
1.2053 -0.2161 0.104062  
1.2253 -0.2161 0.11962  
1.2453 -0.2161 0.136341  
1.2653 -0.2161 0.153697  
1.2853 -0.2161 0.32  
1.3053 -0.2161 0.32  
1.3253 -0.2161 0.32  
1.3453 -0.2161 0.32  
1.3653 -0.2161 0.32  
1.3853 -0.2161 0.32  
1.4053 -0.2161 0.32  
1.4253 -0.2161 0.32  
1.4453 -0.2161 0.32  
1.4653 -0.2161 0.32  
1.4853 -0.2161 0.32  
1.5053 -0.2161 0.32  
-0.3947 -0.1961 0.32  
-0.3747 -0.1961 0.32  
-0.3547 -0.1961 0.32  
-0.3347 -0.1961 0.32  
-0.3147 -0.1961 0.32  
-0.2947 -0.1961 0.32  
-0.2747 -0.1961 0.32  
-0.2547 -0.1961 0.32  
-0.2347 -0.1961 0.175666  
-0.2147 -0.1961 0.158829  
-0.1947 -0.1961 0.14281  
-0.1747 -0.1961 0.127566  
-0.1547 -0.1961 0.113565  
-0.1347 -0.1961 0.101553  
-0.1147 -0.1961 0.0914346  
-0.0947 -0.1961 0.0842504  
-0.0747 -0.1961 0.0804866  
-0.0547 -0.1961 0.0800381  
-0.0347 -0.1961 0.0827166  
-0.0147 -0.1961 0.0871867  
0.0053 -0.1961 0.0929801  
0.0253 -0.1961 0.101613  
0.0453 -0.1961 0.11316  
0.0653 -0.1961 0.126828  
0.0853 -0.1961 0.142005  
0.1053 -0.1961 0.155569  
0.1253 -0.1961 0.153327  
0.1453 -0.1961 0.15137  
0.1653 -0.1961 0.149611  
0.1853 -0.1961 0.147966  
0.2053 -0.1961 0.146557  
0.2253 -0.1961 0.1453  
0.2453 -0.1961 0.14422  
0.2653 -0.1961 0.14334  
0.2853 -0.1961 0.142646  
0.3053 -0.1961 0.142094  
0.3253 -0.1961 0.14174  
0.3453 -0.1961 0.141514  
0.3653 -0.1961 0.1415  
0.3853 -0.1961 0.141705  
0.4053 -0.1961 0.142128  
0.4253 -0.1961 0.142768  
0.4453 -0.1961 0.143726  
0.4653 -0.1961 0.144794  
0.4853 -0.1961 0.146175  
0.5053 -0.1961 0.147806  
0.5253 -0.1961 0.149727  
0.5453 -0.1961 0.151856  
0.5653 -0.1961 0.154235  
0.5853 -0.1961 0.156904  
0.6053 -0.1961 0.159777  
0.6253 -0.1961 0.162854  
0.6453 -0.1961 0.166119  
0.6653 -0.1961 0.169611  
0.6853 -0.1961 0.173102  
0.7053 -0.1961 0.17672  
0.7253 -0.1961 0.32  
0.7453 -0.1961 0.32  
0.7653 -0.1961 0.32  
0.7853 -0.1961 0.32  
0.8053 -0.1961 0.196908  
0.8253 -0.1961 0.188778  
0.8453 -0.1961 0.181705  
0.8653 -0.1961 0.174821  
0.8853 -0.1961 0.167497  
0.9053 -0.1961 0.159888  
0.9253 -0.1961 0.151808  
0.9453 -0.1961 0.143193  
0.9653 -0.1961 0.134017  
0.9853 -0.1961 0.12437  
1.0053 -0.1961 0.113971  
1.0253 -0.1961 0.102863  
1.0453 -0.1961 0.0910898  
1.0653 -0.1961 0.078875  
1.0853 -0.1961 0.0659469  
1.1053 -0.1961 0.0550364  
1.1253 -0.1961 0.0500899  
1.1453 -0.1961 0.052811  
1.1653 -0.1961 0.0622013  
1.1853 -0.1961 0.0758222  
1.2053 -0.1961 0.0918096  
1.2253 -0.1961 0.109025  
1.2453 -0.1961 0.126708  
1.2653 -0.1961 0.144979  
1.2853 -0.1961 0.32  
1.3053 -0.1961 0.32  
1.3253 -0.1961 0.32  
1.3453 -0.1961 0.32  
1.3653 -0.1961 0.32  
1.3853 -0.1961 0.32  
1.4053 -0.1961 0.32  
1.4253 -0.1961 0.32  
1.4453 -0.1961 0.32  
1.4653 -0.1961 0.32  
1.4853 -0.1961 0.32  
1.5053 -0.1961 0.32  
-0.3947 -0.1761 0.32  
-0.3747 -0.1761 0.32  
-0.3547 -0.1761 0.32  
-0.3347 -0.1761 0.32  
-0.3147 -0.1761 0.32  
-0.2947 -0.1761 0.32  
-0.2747 -0.1761 0.32  
-0.2547 -0.1761 0.32  
-0.2347 -0.1761 0.166297  
-0.2147 -0.1761 0.1484  
-0.1947 -0.1761 0.131113  
-0.1747 -0.1761 0.114711  
-0.1547 -0.1761 0.0993227  
-0.1347 -0.1761 0.0853756  
-0.1147 -0.1761 0.0738396  
-0.0947 -0.1761 0.0653414  
-0.0747 -0.1761 0.0606724  
-0.0547 -0.1761 0.0600841  
-0.0347 -0.1761 0.0630834  
-0.0147 -0.1761 0.0677461  
0.0053 -0.1761 0.0745204  
0.0253 -0.1761 0.0850488  
0.0453 -0.1761 0.098556  
0.0653 -0.1761 0.113988  
0.0853 -0.1761 0.130665  
0.1053 -0.1761 0.1357  
0.1253 -0.1761 0.133426  
0.1453 -0.1761 0.131466  
0.1653 -0.1761 0.129707  
0.1853 -0.1761 0.12801  
0.2053 -0.1761 0.1266  
0.2253 -0.1761 0.125324  
0.2453 -0.1761 0.124243  
0.2653 -0.1761 0.123364  
0.2853 -0.1761 0.122657  
0.3053 -0.1761 0.122105  
0.3253 -0.1761 0.121743  
0.3453 -0.1761 0.121516  
0.3653 -0.1761 0.1215  
0.3853 -0.1761 0.121706  
0.4053 -0.1761 0.122132  
0.4253 -0.1761 0.122779  
0.4453 -0.1761 0.12375  
0.4653 -0.1761 0.124837  
0.4853 -0.1761 0.12624  
0.5053 -0.1761 0.127874  
0.5253 -0.1761 0.129823  
0.5453 -0.1761 0.131986  
0.5653 -0.1761 0.134368  
0.5853 -0.1761 0.137074  
0.6053 -0.1761 0.139991  
0.6253 -0.1761 0.143126  
0.6453 -0.1761 0.146382  
0.6653 -0.1761 0.149939  
0.6853 -0.1761 0.15343  
0.7053 -0.1761 0.157109  
0.7253 -0.1761 0.32  
0.7453 -0.1761 0.32  
0.7653 -0.1761 0.32  
0.7853 -0.1761 0.32  
0.8053 -0.1761 0.179118  
0.8253 -0.1761 0.170296  
0.8453 -0.1761 0.162942  
0.8653 -0.1761 0.156076  
0.8853 -0.1761 0.148898  
0.9053 -0.1761 0.141463  
0.9253 -0.1761 0.133553  
0.9453 -0.1761 0.125143  
0.9653 -0.1761 0.116365  
0.9853 -0.1761 0.106948  
1.0053 -0.1761 0.096995  
1.0253 -0.1761 0.0862944  
1.0453 -0.1761 0.0749712  
1.0653 -0.1761 0.0631065  
1.0853 -0.1761 0.0506975  
1.1053 -0.1761 0.0378021  
1.1253 -0.1761 0.0301496  
1.1453 -0.1761 0.0344819  
1.1653 -0.1761 0.047634  
1.1853 -0.1761 0.0643643  
1.2053 -0.1761 0.0819928  
1.2253 -0.1761 0.100433  
1.2453 -0.1761 0.119377  
1.2653 -0.1761 0.138618  
1.2853 -0.1761 0.32  
1.3053 -0.1761 0.32  
1.3253 -0.1761 0.32  
1.3453 -0.1761 0.32  
1.3653 -0.1761 0.32  
1.3853 -0.1761 0.32  
1.4053 -0.1761 0.32  
1.4253 -0.1761 0.32  
1.4453 -0.1761 0.32  
1.4653 -0.1761 0.32  
1.4853 -0.1761 0.32  
1.5053 -0.1761 0.32  
-0.3947 -0.1561 0.32  
-0.3747 -0.1561 0.32  
-0.3547 -0.1561 0.32  
-0.3347 -0.1561 0.32  
-0.3147 -0.1561 0.32  
-0.2947 -0.1561 0.32  
-0.2747 -0.1561 0.32  
-0.2547 -0.1561 0.32  
-0.2347 -0.1561 0.158905  
-0.2147 -0.1561 0.140067  
-0.1947 -0.1561 0.1216  
-0.1747 -0.1561 0.103705  
-0.1547 -0.1561 0.0867332  
-0.1347 -0.1561 0.0711126  
-0.1147 -0.1561 0.05728  
-0.0947 -0.1561 0.0467364  
-0.0747 -0.1561 0.0408807  
-0.0547 -0.1561 0.0401759  
-0.0347 -0.1561 0.0435596  
-0.0147 -0.1561 0.0486465  
0.0053 -0.1561 0.0571077  
0.0253 -0.1561 0.0702943  
0.0453 -0.1561 0.0861469  
0.0653 -0.1561 0.103447  
0.0853 -0.1561 0.118666  
0.1053 -0.1561 0.115854  
0.1253 -0.1561 0.11355  
0.1453 -0.1561 0.111562  
0.1653 -0.1561 0.109792  
0.1853 -0.1561 0.108067  
0.2053 -0.1561 0.106643  
0.2253 -0.1561 0.105349  
0.2453 -0.1561 0.104267  
0.2653 -0.1561 0.103388  
0.2853 -0.1561 0.102668  
0.3053 -0.1561 0.102116  
0.3253 -0.1561 0.101745  
0.3453 -0.1561 0.101519  
0.3653 -0.1561 0.1015  
0.3853 -0.1561 0.101707  
0.4053 -0.1561 0.102138  
0.4253 -0.1561 0.102794  
0.4453 -0.1561 0.103774  
0.4653 -0.1561 0.10488  
0.4853 -0.1561 0.106306  
0.5053 -0.1561 0.107961  
0.5253 -0.1561 0.109919  
0.5453 -0.1561 0.112117  
0.5653 -0.1561 0.114533  
0.5853 -0.1561 0.117273  
0.6053 -0.1561 0.12021  
0.6253 -0.1561 0.123394  
0.6453 -0.1561 0.126679  
0.6653 -0.1561 0.13022  
0.6853 -0.1561 0.133757  
0.7053 -0.1561 0.137444  
0.7253 -0.1561 0.32  
0.7453 -0.1561 0.32  
0.7653 -0.1561 0.32  
0.7853 -0.1561 0.32  
0.8053 -0.1561 0.161726  
0.8253 -0.1561 0.152187  
0.8453 -0.1561 0.144213  
0.8653 -0.1561 0.137338  
0.8853 -0.1561 0.130309  
0.9053 -0.1561 0.12293  
0.9253 -0.1561 0.115236  
0.9453 -0.1561 0.107094  
0.9653 -0.1561 0.0984791  
0.9853 -0.1561 0.0893125  
1.0053 -0.1561 0.079769  
1.0253 -0.1561 0.0694948  
1.0453 -0.1561 0.0585499  
1.0653 -0.1561 0.0470444  
1.0853 -0.1561 0.0351071  
1.1053 -0.1561 0.0225166  
1.1253 -0.1561 0.0104403  
1.1453 -0.1561 0.0197231  
1.1653 -0.1561 0.0372937  
1.1853 -0.1561 0.0561678  
1.2053 -0.1561 0.0756229  
1.2253 -0.1561 0.0953038  
1.2453 -0.1561 0.115095  
1.2653 -0.1561 0.134947  
1.2853 -0.1561 0.32  
1.3053 -0.1561 0.32  
1.3253 -0.1561 0.32  
1.3453 -0.1561 0.32  
1.3653 -0.1561 0.32  
1.3853 -0.1561 0.32  
1.4053 -0.1561 0.32  
1.4253 -0.1561 0.32  
1.4453 -0.1561 0.32  
1.4653 -0.1561 0.32  
1.4853 -0.1561 0.32  
1.5053 -0.1561 0.32  
-0.3947 -0.1361 0.32  
-0.3747 -0.1361 0.32  
-0.3547 -0.1361 0.32  
-0.3347 -0.1361 0.32  
-0.3147 -0.1361 0.32  
-0.2947 -0.1361 0.32  
-0.2747 -0.1361 0.32  
-0.2547 -0.1361 0.32  
-0.2347 -0.1361 0.153775  
-0.2147 -0.1361 0.134219  
-0.1947 -0.1361 0.114816  
-0.1747 -0.1361 0.095659  
-0.1547 -0.1361 0.0769328  
-0.1347 -0.1361 0.0590479  
-0.1147 -0.1361 0.0429384  
-0.0947 -0.1361 0.0294426  
-0.0747 -0.1361 0.0211218  
-0.0547 -0.1361 0.0203293  
-0.0347 -0.1361 0.0241282  
-0.0147 -0.1361 0.029821  
0.0053 -0.1361 0.0420629  
0.0253 -0.1361 0.0587307  
0.0453 -0.1361 0.0770019  
0.0653 -0.1361 0.095965  
0.0853 -0.1361 0.0988356  
0.1053 -0.1361 0.0960236  
0.1253 -0.1361 0.0936803  
0.1453 -0.1361 0.0916577  
0.1653 -0.1361 0.0898593  
0.1853 -0.1361 0.0881316  
0.2053 -0.1361 0.086686  
0.2253 -0.1361 0.0853838  
0.2453 -0.1361 0.0842901  
0.2653 -0.1361 0.0834123  
0.2853 -0.1361 0.0826785  
0.3053 -0.1361 0.0821264  
0.3253 -0.1361 0.081748  
0.3453 -0.1361 0.0815218  
0.3653 -0.1361 0.0815  
0.3853 -0.1361 0.0817088  
0.4053 -0.1361 0.0821477  
0.4253 -0.1361 0.0828163  
0.4453 -0.1361 0.0837971  
0.4653 -0.1361 0.0849225  
0.4853 -0.1361 0.0863726  
0.5053 -0.1361 0.088057  
0.5253 -0.1361 0.0900148  
0.5453 -0.1361 0.0922471  
0.5653 -0.1361 0.0947085  
0.5853 -0.1361 0.0974943  
0.6053 -0.1361 0.100431  
0.6253 -0.1361 0.103657  
0.6453 -0.1361 0.107007  
0.6653 -0.1361 0.110499  
0.6853 -0.1361 0.114083  
0.7053 -0.1361 0.117772  
0.7253 -0.1361 0.1215  
0.7453 -0.1361 0.127131  
0.7653 -0.1361 0.135507  
0.7853 -0.1361 0.146158  
0.8053 -0.1361 0.144778  
0.8253 -0.1361 0.134414  
0.8453 -0.1361 0.125654  
0.8653 -0.1361 0.118489  
0.8853 -0.1361 0.111615  
0.9053 -0.1361 0.10436  
0.9253 -0.1361 0.0968336  
0.9453 -0.1361 0.0888849  
0.9653 -0.1361 0.0804295  
0.9853 -0.1361 0.0716436  
1.0053 -0.1361 0.0622437  
1.0253 -0.1361 0.0524047  
1.0453 -0.1361 0.041861  
1.0653 -0.1361 0.0307704  
1.0853 -0.1361 0.0190739  
1.1053 -0.1361 0.00705981  
1.1253 -0.1361 -0.000777817  
1.1453 -0.1361 0.0149272  
1.1653 -0.1361 0.0344503  
1.1853 -0.1361 0.0543215  
1.2053 -0.1361 0.0742618  
1.2253 -0.1361 0.0942275  
1.2453 -0.1361 0.114205  
1.2653 -0.1361 0.134189  
1.2853 -0.1361 0.32  
1.3053 -0.1361 0.32  
1.3253 -0.1361 0.32  
1.3453 -0.1361 0.32  
1.3653 -0.1361 0.32  
1.3853 -0.1361 0.32  
1.4053 -0.1361 0.32  
1.4253 -0.1361 0.32  
1.4453 -0.1361 0.32  
1.4653 -0.1361 0.32  
1.4853 -0.1361 0.32  
1.5053 -0.1361 0.32  
-0.3947 -0.1161 0.32  
-0.3747 -0.1161 0.32  
-0.3547 -0.1161 0.32  
-0.3347 -0.1161 0.32  
-0.3147 -0.1161 0.32  
-0.2947 -0.1161 0.32  
-0.2747 -0.1161 0.32  
-0.2547 -0.1161 0.32  
-0.2347 -0.1161 0.150799  
-0.2147 -0.1161 0.130921  
-0.1947 -0.1161 0.111087  
-0.1747 -0.1161 0.0912998  
-0.1547 -0.1161 0.0715157  
-0.1347 -0.1161 0.0517943  
-0.1147 -0.1161 0.0324137  
-0.0947 -0.1161 0.0147645  
-0.0747 -0.1161 0.00216105  
-0.0547 -0.1161 0.000483735  
-0.0347 -0.1161 0.00473145  
-0.0147 -0.1161 0.014046  
0.0053 -0.1161 0.0328221  
0.0253 -0.1161 0.0525099  
0.0453 -0.1161 0.0723691  
0.0653 -0.1161 0.0821666  
0.0853 -0.1161 0.0790122  
0.1053 -0.1161 0.0761934  
0.1253 -0.1161 0.0738107  
0.1453 -0.1161 0.0717537  
0.1653 -0.1161 0.0699261  
0.1853 -0.1161 0.0681963  
0.2053 -0.1161 0.0667288  
0.2253 -0.1161 0.0654253  
0.2453 -0.1161 0.0643141  
0.2653 -0.1161 0.0634364  
0.2853 -0.1161 0.0626893  
0.3053 -0.1161 0.0621371  
0.3253 -0.1161 0.0617507  
0.3453 -0.1161 0.0615245  
0.3653 -0.1161 0.0615  
0.3853 -0.1161 0.0617117  
0.4053 -0.1161 0.0621584  
0.4253 -0.1161 0.0628404  
0.4453 -0.1161 0.0638205  
0.4653 -0.1161 0.0649654  
0.4853 -0.1161 0.0664395  
0.5053 -0.1161 0.0681531  
0.5253 -0.1161 0.0701108  
0.5453 -0.1161 0.0723775  
0.5653 -0.1161 0.0748842  
0.5853 -0.1161 0.0777144  
0.6053 -0.1161 0.0806691  
0.6253 -0.1161 0.0839257  
0.6453 -0.1161 0.0873292  
0.6653 -0.1161 0.0908156  
0.6853 -0.1161 0.0944004  
0.7053 -0.1161 0.0981  
0.7253 -0.1161 0.102011  
0.7453 -0.1161 0.108656  
0.7653 -0.1161 0.118348  
0.7853 -0.1161 0.130408  
0.8053 -0.1161 0.128564  
0.8253 -0.1161 0.117183  
0.8453 -0.1161 0.107466  
0.8653 -0.1161 0.0997292  
0.8853 -0.1161 0.0928799  
0.9053 -0.1161 0.0857541  
0.9253 -0.1161 0.0783634  
0.9453 -0.1161 0.0705451  
0.9653 -0.1161 0.0623799  
0.9853 -0.1161 0.0537653  
1.0053 -0.1161 0.044608  
1.0253 -0.1161 0.0350985  
1.0453 -0.1161 0.0249308  
1.0653 -0.1161 0.0142022  
1.0853 -0.1161 0.00290354  
1.1053 -0.1161 -0.000848528  
1.1253 -0.1161 0.0133643  
1.1453 -0.1161 0.0275065  
1.1653 -0.1161 0.0422235  
1.1853 -0.1161 0.0595552  
1.2053 -0.1161 0.0781717  
1.2253 -0.1161 0.0973387  
1.2453 -0.1161 0.116785  
1.2653 -0.1161 0.136392  
1.2853 -0.1161 0.32  
1.3053 -0.1161 0.32  
1.3253 -0.1161 0.32  
1.3453 -0.1161 0.32  
1.3653 -0.1161 0.32  
1.3853 -0.1161 0.32  
1.4053 -0.1161 0.32  
1.4253 -0.1161 0.32  
1.4453 -0.1161 0.32  
1.4653 -0.1161 0.32  
1.4853 -0.1161 0.32  
1.5053 -0.1161 0.32  
-0.3947 -0.0961 0.32  
-0.3747 -0.0961 0.32  
-0.3547 -0.0961 0.32  
-0.3347 -0.0961 0.32  
-0.3147 -0.0961 0.32  
-0.2947 -0.0961 0.32  
-0.2747 -0.0961 0.32  
-0.2547 -0.0961 0.32  
-0.2347 -0.0961 0.150067  
-0.2147 -0.0961 0.130078  
-0.1947 -0.0961 0.110092  
-0.1747 -0.0961 0.0901124  
-0.1547 -0.0961 0.0701445  
-0.1347 -0.0961 0.0502021  
-0.1147 -0.0961 0.0303356  
-0.0947 -0.0961 0.0107294  
-0.0747 -0.0961 -0.00865414  
-0.0547 -0.0961 -0.0124788  
-0.0347 -0.0961 0.00708957  
-0.0147 -0.0961 0.0174725  
0.0053 -0.0961 0.034428  
0.0253 -0.0961 0.0535284  
0.0453 -0.0961 0.0661371  
0.0653 -0.0961 0.0624306  
0.0853 -0.0961 0.0592323  
0.1053 -0.0961 0.0563941  
0.1253 -0.0961 0.0539411  
0.1453 -0.0961 0.0518498  
0.1653 -0.0961 0.049993  
0.1853 -0.0961 0.0482611  
0.2053 -0.0961 0.0467717  
0.2253 -0.0961 0.0454668  
0.2453 -0.0961 0.0443382  
0.2653 -0.0961 0.0434521  
0.2853 -0.0961 0.0427  
0.3053 -0.0961 0.0421478  
0.3253 -0.0961 0.0417534  
0.3453 -0.0961 0.0415272  
0.3653 -0.0961 0.0415  
0.3853 -0.0961 0.0417173  
0.4053 -0.0961 0.0421691  
0.4253 -0.0961 0.0428646  
0.4453 -0.0961 0.0438439  
0.4653 -0.0961 0.0450083  
0.4853 -0.0961 0.0465063  
0.5053 -0.0961 0.0482491  
0.5253 -0.0961 0.0502277  
0.5453 -0.0961 0.0525386  
0.5653 -0.0961 0.0550937  
0.5853 -0.0961 0.0579286  
0.6053 -0.0961 0.0609326  
0.6253 -0.0961 0.0641978  
0.6453 -0.0961 0.0676466  
0.6653 -0.0961 0.0711344  
0.6853 -0.0961 0.0747399  
0.7053 -0.0961 0.0784602  
0.7253 -0.0961 0.082766  
0.7453 -0.0961 0.0908307  
0.7653 -0.0961 0.102226  
0.7853 -0.0961 0.115975  
0.8053 -0.0961 0.113271  
0.8253 -0.0961 0.100522  
0.8453 -0.0961 0.0897287  
0.8653 -0.0961 0.0810746  
0.8853 -0.0961 0.0740978  
0.9053 -0.0961 0.0671378  
0.9253 -0.0961 0.0597939  
0.9453 -0.0961 0.0522041  
0.9653 -0.0961 0.0441942  
0.9853 -0.0961 0.0357157  
1.0053 -0.0961 0.0269223  
1.0253 -0.0961 0.0175393  
1.0453 -0.0961 0.00775242  
1.0653 -0.0961 -0.00257509  
1.0853 -0.0961 -0.000203484  
1.1053 -0.0961 0.0134862  
1.1253 -0.0961 0.0274357  
1.1453 -0.0961 0.0416486  
1.1653 -0.0961 0.0557907  
1.1853 -0.0961 0.0703052  
1.2053 -0.0961 0.0866419  
1.2253 -0.0961 0.104263  
1.2453 -0.0961 0.122617  
1.2653 -0.0961 0.141417  
1.2853 -0.0961 0.32  
1.3053 -0.0961 0.32  
1.3253 -0.0961 0.32  
1.3453 -0.0961 0.32  
1.3653 -0.0961 0.32  
1.3853 -0.0961 0.32  
1.4053 -0.0961 0.32  
1.4253 -0.0961 0.32  
1.4453 -0.0961 0.32  
1.4653 -0.0961 0.32  
1.4853 -0.0961 0.32  
1.5053 -0.0961 0.32  
-0.3947 -0.0761 0.32  
-0.3747 -0.0761 0.32  
-0.3547 -0.0761 0.32  
-0.3347 -0.0761 0.32  
-0.3147 -0.0761 0.32  
-0.2947 -0.0761 0.32  
-0.2747 -0.0761 0.32  
-0.2547 -0.0761 0.32  
-0.2347 -0.0761 0.151988  
-0.2147 -0.0761 0.132289  
-0.1947 -0.0761 0.112694  
-0.1747 -0.0761 0.093154  
-0.1547 -0.0761 0.0736915  
-0.1347 -0.0761 0.0545904  
-0.1147 -0.0761 0.0357308  
-0.0947 -0.0761 0.0176876  
-0.0747 -0.0761 0.000749522  
-0.0547 -0.0761 -0.0135468  
-0.0347 -0.0761 0.00575885  
-0.0147 -0.0761 0.0246877  
0.0053 -0.0761 0.0429196  
0.0253 -0.0761 0.0540592  
0.0453 -0.0761 0.0465906  
0.0653 -0.0761 0.0426945  
0.0853 -0.0761 0.0394536  
0.1053 -0.0761 0.0366154  
0.1253 -0.0761 0.0340715  
0.1453 -0.0761 0.0319458  
0.1653 -0.0761 0.0300598  
0.1853 -0.0761 0.0283263  
0.2053 -0.0761 0.0268145  
0.2253 -0.0761 0.0255083  
0.2453 -0.0761 0.0243624  
0.2653 -0.0761 0.0234628  
0.2853 -0.0761 0.0227107  
0.3053 -0.0761 0.0221586  
0.3253 -0.0761 0.0217561  
0.3453 -0.0761 0.0215299  
0.3653 -0.0761 0.0215  
0.3853 -0.0761 0.0217277  
0.4053 -0.0761 0.0221799  
0.4253 -0.0761 0.0228887  
0.4453 -0.0761 0.0238672  
0.4653 -0.0761 0.0250511  
0.4853 -0.0761 0.0265732  
0.5053 -0.0761 0.0283452  
0.5253 -0.0761 0.0303581  
0.5453 -0.0761 0.0327084  
0.5653 -0.0761 0.0353079  
0.5853 -0.0761 0.0381428  
0.6053 -0.0761 0.0411984  
0.6253 -0.0761 0.0444639  
0.6453 -0.0761 0.0479721  
0.6653 -0.0761 0.0514623  
0.6853 -0.0761 0.0551282  
0.7053 -0.0761 0.0588361  
0.7253 -0.0761 0.063986  
0.7453 -0.0761 0.0741229  
0.7653 -0.0761 0.0877166  
0.7853 -0.0761 0.103413  
0.8053 -0.0761 0.0992762  
0.8253 -0.0761 0.0850319  
0.8453 -0.0761 0.0726683  
0.8653 -0.0761 0.0627446  
0.8853 -0.0761 0.0552764  
0.9053 -0.0761 0.0484026  
0.9253 -0.0761 0.0411974  
0.9453 -0.0761 0.0337792  
0.9653 -0.0761 0.0258687  
0.9853 -0.0761 0.0176661  
1.0053 -0.0761 0.00905147  
1.0253 -0.0761 -9.63811e-05  
1.0453 -0.0761 -0.00957706  
1.0653 -0.0761 0.00151511  
1.0853 -0.0761 0.0146376  
1.1053 -0.0761 0.0280582  
1.1253 -0.0761 0.0417607  
1.1453 -0.0761 0.05572  
1.1653 -0.0761 0.0699329  
1.1853 -0.0761 0.084075  
1.2053 -0.0761 0.0985029  
1.2253 -0.0761 0.11431  
1.2453 -0.0761 0.131266  
1.2653 -0.0761 0.148979  
1.2853 -0.0761 0.32  
1.3053 -0.0761 0.32  
1.3253 -0.0761 0.32  
1.3453 -0.0761 0.32  
1.3653 -0.0761 0.32  
1.3853 -0.0761 0.32  
1.4053 -0.0761 0.32  
1.4253 -0.0761 0.32  
1.4453 -0.0761 0.32  
1.4653 -0.0761 0.32  
1.4853 -0.0761 0.32  
1.5053 -0.0761 0.32  
-0.3947 -0.0561 0.32  
-0.3747 -0.0561 0.32  
-0.3547 -0.0561 0.32  
-0.3347 -0.0561 0.32  
-0.3147 -0.0561 0.32  
-0.2947 -0.0561 0.32  
-0.2747 -0.0561 0.32  
-0.2547 -0.0561 0.32  
-0.2347 -0.0561 0.156149  
-0.2147 -0.0561 0.136874  
-0.1947 -0.0561 0.117835  
-0.1747 -0.0561 0.0989176  
-0.1547 -0.0561 0.0804033  
-0.1347 -0.0561 0.0623927  
-0.1147 -0.0561 0.0450605  
-0.0947 -0.0561 0.0287624  
-0.0747 -0.0561 0.0133406  
-0.0547 -0.0561 -0.00125837  
-0.0347 -0.0561 -0.00179096  
-0.0147 -0.0561 0.0156116  
0.0053 -0.0561 0.0323  
0.0253 -0.0561 0.0372075  
0.0453 -0.0561 0.0272635  
0.0653 -0.0561 0.023018  
0.0853 -0.0561 0.0197058  
0.1053 -0.0561 0.0168342  
0.1253 -0.0561 0.0142019  
0.1453 -0.0561 0.0120419  
0.1653 -0.0561 0.0101267  
0.1853 -0.0561 0.00839316  
0.2053 -0.0561 0.00686713  
0.2253 -0.0561 0.00554975  
0.2453 -0.0561 0.0043865  
0.2653 -0.0561 0.00347354  
0.2853 -0.0561 0.00272149  
0.3053 -0.0561 0.00216933  
0.3253 -0.0561 0.00175878  
0.3453 -0.0561 0.00153258  
0.3653 -0.0561 0.0015  
0.3853 -0.0561 0.00173841  
0.4053 -0.0561 0.00219063  
0.4253 -0.0561 0.00291287  
0.4453 -0.0561 0.00389061  
0.4653 -0.0561 0.00509398  
0.4853 -0.0561 0.00664003  
0.5053 -0.0561 0.00844123  
0.5253 -0.0561 0.0104885  
0.5453 -0.0561 0.012868  
0.5653 -0.0561 0.0154919  
0.5853 -0.0561 0.018357  
0.6053 -0.0561 0.0214705  
0.6253 -0.0561 0.0247273  
0.6453 -0.0561 0.0282931  
0.6653 -0.0561 0.0317902  
0.6853 -0.0561 0.035477  
0.7053 -0.0561 0.0391639  
0.7253 -0.0561 0.0462408  
0.7453 -0.0561 0.0594829  
0.7653 -0.0561 0.075751  
0.7853 -0.0561 0.0901722  
0.8053 -0.0561 0.0867639  
0.8253 -0.0561 0.0710218  
0.8453 -0.0561 0.0568344  
0.8653 -0.0561 0.0451126  
0.8853 -0.0561 0.0365168  
0.9053 -0.0561 0.0296773  
0.9253 -0.0561 0.022609  
0.9453 -0.0561 0.015227  
0.9653 -0.0561 0.00757472  
0.9853 -0.0561 -0.000487366  
1.0053 -0.0561 -0.00899815  
1.0253 -0.0561 -0.00830912  
1.0453 -0.0561 0.00420738  
1.0653 -0.0561 0.0168333  
1.0853 -0.0561 0.0296892  
1.1053 -0.0561 0.0428592  
1.1253 -0.0561 0.0563199  
1.1453 -0.0561 0.0700351  
1.1653 -0.0561 0.0840043  
1.1853 -0.0561 0.0982171  
1.2053 -0.0561 0.112359  
1.2253 -0.0561 0.126739  
1.2453 -0.0561 0.142221  
1.2653 -0.0561 0.158716  
1.2853 -0.0561 0.32  
1.3053 -0.0561 0.32  
1.3253 -0.0561 0.32  
1.3453 -0.0561 0.32  
1.3653 -0.0561 0.32  
1.3853 -0.0561 0.32  
1.4053 -0.0561 0.32  
1.4253 -0.0561 0.32  
1.4453 -0.0561 0.32  
1.4653 -0.0561 0.32  
1.4853 -0.0561 0.32  
1.5053 -0.0561 0.32  
-0.3947 -0.0361 0.32  
-0.3747 -0.0361 0.32  
-0.3547 -0.0361 0.32  
-0.3347 -0.0361 0.32  
-0.3147 -0.0361 0.32  
-0.2947 -0.0361 0.32  
-0.2747 -0.0361 0.32  
-0.2547 -0.0361 0.32  
-0.2347 -0.0361 0.16215  
-0.2147 -0.0361 0.143432  
-0.1947 -0.0361 0.125111  
-0.1747 -0.0361 0.107111  
-0.1547 -0.0361 0.0896674  
-0.1347 -0.0361 0.0728464  
-0.1147 -0.0361 0.0568649  
-0.0947 -0.0361 0.0415896  
-0.0747 -0.0361 0.0270236  
-0.0547 -0.0361 0.0130712  
-0.0347 -0.0361 -0.000401978  
-0.0147 -0.0361 0.00428881  
0.0053 -0.0361 0.019734  
0.0253 -0.0361 0.0242128  
0.0453 -0.0361 0.0093685  
0.0653 -0.0361 0.00335359  
0.0853 -0.0361 -3.07373e-05  
0.1053 -0.0361 -0.00295165  
0.1253 -0.0361 -0.00566772  
0.1453 -0.0361 -0.00786206  
0.1653 -0.0361 -0.00980646  
0.1853 -0.0361 -0.01154  
0.2053 -0.0361 -0.013066  
0.2253 -0.0361 -0.0144084  
0.2453 -0.0361 -0.0155894  
0.2653 -0.0361 -0.0165157  
0.2853 -0.0361 -0.0172678  
0.3053 -0.0361 -0.0178199  
0.3253 -0.0361 -0.0182385  
0.3453 -0.0361 -0.0184647  
0.3653 -0.0361 -0.0185  
0.3853 -0.0361 -0.0182508  
0.4053 -0.0361 -0.0177986  
0.4253 -0.0361 -0.017063  
0.4453 -0.0361 -0.0160855  
0.4653 -0.0361 -0.0148632  
0.4853 -0.0361 -0.0132931  
0.5053 -0.0361 -0.0114627  
0.5253 -0.0361 -0.00938106  
0.5453 -0.0361 -0.00700159  
0.5653 -0.0361 -0.00433826  
0.5853 -0.0361 -0.00142879  
0.6053 -0.0361 0.00173908  
0.6253 -0.0361 0.00503934  
0.6453 -0.0361 0.00856519  
0.6653 -0.0361 0.012118  
0.6853 -0.0361 0.0158049  
0.7053 -0.0361 0.0195502  
0.7253 -0.0361 0.0313402  
0.7453 -0.0361 0.0488079  
0.7653 -0.0361 0.067692  
0.7853 -0.0361 0.0701773  
0.8053 -0.0361 0.0698294  
0.8253 -0.0361 0.0589574  
0.8453 -0.0361 0.0428029  
0.8653 -0.0361 0.0286596  
0.8853 -0.0361 0.0180244  
0.9053 -0.0361 0.0108576  
0.9253 -0.0361 0.00394146  
0.9453 -0.0361 -0.00334252  
0.9653 -0.0361 -0.0108503  
0.9853 -0.0361 -0.0159462  
1.0053 -0.0361 -0.0045037  
1.0253 -0.0361 0.00745879  
1.0453 -0.0361 0.0198192  
1.0653 -0.0361 0.0323693  
1.0853 -0.0361 0.0449952  
1.1053 -0.0361 0.0579108  
1.1253 -0.0361 0.0710887  
1.1453 -0.0361 0.0845815  
1.1653 -0.0361 0.0983107  
1.1853 -0.0361 0.112289  
1.2053 -0.0361 0.126501  
1.2253 -0.0361 0.140644  
1.2453 -0.0361 0.154993  
1.2653 -0.0361 0.170255  
1.2853 -0.0361 0.32  
1.3053 -0.0361 0.32  
1.3253 -0.0361 0.32  
1.3453 -0.0361 0.32  
1.3653 -0.0361 0.32  
1.3853 -0.0361 0.32  
1.4053 -0.0361 0.32  
1.4253 -0.0361 0.32  
1.4453 -0.0361 0.32  
1.4653 -0.0361 0.32  
1.4853 -0.0361 0.32  
1.5053 -0.0361 0.32  
-0.3947 -0.0161 0.32  
-0.3747 -0.0161 0.32  
-0.3547 -0.0161 0.32  
-0.3347 -0.0161 0.32  
-0.3147 -0.0161 0.32  
-0.2947 -0.0161 0.32  
-0.2747 -0.0161 0.32  
-0.2547 -0.0161 0.32  
-0.2347 -0.0161 0.169825  
-0.2147 -0.0161 0.151832  
-0.1947 -0.0161 0.134296  
-0.1747 -0.0161 0.11716  
-0.1547 -0.0161 0.10071  
-0.1347 -0.0161 0.0849908  
-0.1147 -0.0161 0.0698385  
-0.0947 -0.0161 0.0553056  
-0.0747 -0.0161 0.0413351  
-0.0547 -0.0161 0.0278258  
-0.0347 -0.0161 0.0147735  
-0.0147 -0.0161 0.00213792  
0.0053 -0.0161 0.00604893  
0.0253 -0.0161 0.0185097  
0.0453 -0.0161 -0.00142895  
0.0653 -0.0161 -0.016258  
0.0853 -0.0161 -0.0197608  
0.1053 -0.0161 -0.0227462  
0.1253 -0.0161 -0.0255373  
0.1453 -0.0161 -0.027766  
0.1653 -0.0161 -0.0297238  
0.1853 -0.0161 -0.0314731  
0.2053 -0.0161 -0.0329992  
0.2253 -0.0161 -0.0343655  
0.2453 -0.0161 -0.0355652  
0.2653 -0.0161 -0.036505  
0.2853 -0.0161 -0.037257  
0.3053 -0.0161 -0.0378107  
0.3253 -0.0161 -0.0382358  
0.3453 -0.0161 -0.038462  
0.3653 -0.0161 -0.0385  
0.3853 -0.0161 -0.0382401  
0.4053 -0.0161 -0.0377879  
0.4253 -0.0161 -0.0370388  
0.4453 -0.0161 -0.0360613  
0.4653 -0.0161 -0.0348203  
0.4853 -0.0161 -0.0332263  
0.5053 -0.0161 -0.0313667  
0.5253 -0.0161 -0.0292507  
0.5453 -0.0161 -0.0268712  
0.5653 -0.0161 -0.0241449  
0.5853 -0.0161 -0.0212077  
0.6053 -0.0161 -0.0179975  
0.6253 -0.0161 -0.0146328  
0.6453 -0.0161 -0.0111464  
0.6653 -0.0161 -0.00756164  
0.6853 -0.0161 -0.00386721  
0.7053 -0.0161 0.005  
0.7253 -0.0161 0.025  
0.7453 -0.0161 0.045  
0.7653 -0.0161 0.0501439  
0.7853 -0.0161 0.0501825  
0.8053 -0.0161 0.0498344  
0.8253 -0.0161 0.0492856  
0.8453 -0.0161 0.0318108  
0.8653 -0.0161 0.0147468  
0.8853 -0.0161 0.000574941  
0.9053 -0.0161 -0.00793625  
0.9253 -0.0161 -0.0148033  
0.9453 -0.0161 -0.0194608  
0.9653 -0.0161 -0.00974342  
0.9853 -0.0161 0.000726627  
1.0053 -0.0161 0.0118451  
1.0253 -0.0161 0.0234812  
1.0453 -0.0161 0.0355416  
1.0653 -0.0161 0.0479396  
1.0853 -0.0161 0.0604566  
1.1053 -0.0161 0.07317  
1.1253 -0.0161 0.0861324  
1.1453 -0.0161 0.0993338  
1.1653 -0.0161 0.112843  
1.1853 -0.0161 0.12659  
1.2053 -0.0161 0.140573  
1.2253 -0.0161 0.154786  
1.2453 -0.0161 0.168928  
1.2653 -0.0161 0.183256  
1.2853 -0.0161 0.32  
1.3053 -0.0161 0.32  
1.3253 -0.0161 0.32  
1.3453 -0.0161 0.32  
1.3653 -0.0161 0.32  
1.3853 -0.0161 0.32  
1.4053 -0.0161 0.32  
1.4253 -0.0161 0.32  
1.4453 -0.0161 0.32  
1.4653 -0.0161 0.32  
1.4853 -0.0161 0.32  
1.5053 -0.0161 0.32  
-0.3947 0.0039 0.32  
-0.3747 0.0039 0.32  
-0.3547 0.0039 0.32  
-0.3347 0.0039 0.32  
-0.3147 0.0039 0.32  
-0.2947 0.0039 0.32  
-0.2747 0.0039 0.32  
-0.2547 0.0039 0.32  
-0.2347 0.0039 0.178933  
-0.2147 0.0039 0.161674  
-0.1947 0.0039 0.144943  
-0.1747 0.0039 0.128726  
-0.1547 0.0039 0.113127  
-0.1347 0.0039 0.0980908  
-0.1147 0.0039 0.0835876  
-0.0947 0.0039 0.069599  
-0.0747 0.0039 0.0560536  
-0.0547 0.0039 0.0429473  
-0.0347 0.0039 0.0302404  
-0.0147 0.0039 0.0178682  
0.0053 0.0039 0.00556777  
0.0253 0.0039 0.00660984  
0.0453 0.0039 0.00585652  
0.0653 0.0039 -0.00854422  
0.0853 0.0039 -0.0197738  
0.1053 0.0039 -0.0284414  
0.1253 0.0039 -0.035356  
0.1453 0.0039 -0.0407702  
0.1653 0.0039 -0.0447463  
0.1853 0.0039 -0.0467678  
0.2053 0.0039 -0.0485067  
0.2253 0.0039 -0.0501258  
0.2453 0.0039 -0.0515156  
0.2653 0.0039 -0.0527777  
0.2853 0.0039 -0.0538202  
0.3053 0.0039 -0.054826  
0.3253 0.0039 -0.0556219  
0.3453 0.0039 -0.0563162  
0.3653 0.0039 -0.0569148  
0.3853 0.0039 -0.0573613  
0.4053 0.0039 -0.0577087  
0.4253 0.0039 -0.0570147  
0.4453 0.0039 -0.0560372  
0.4653 0.0039 -0.0547774  
0.4853 0.0039 -0.0531594  
0.5053 0.0039 -0.0512706  
0.5253 0.0039 -0.0491203  
0.5453 0.0039 -0.0467067  
0.5653 0.0039 -0.0439236  
0.5853 0.0039 -0.0409857  
0.6053 0.0039 -0.0377296  
0.6253 0.0039 -0.0343154  
0.6453 0.0039 -0.030829  
0.6653 0.0039 -0.0272405  
0.6853 0.0039 -0.015  
0.7053 0.0039 0.005  
0.7253 0.0039 0.025  
0.7453 0.0039 0.0299015  
0.7653 0.0039 0.030149  
0.7853 0.0039 0.0301877  
0.8053 0.0039 0.0298393  
0.8253 0.0039 0.0292905  
0.8453 0.0039 0.0265047  
0.8653 0.0039 0.0065192  
0.8853 0.0039 -0.0129086  
0.9053 0.0039 -0.0158695  
0.9253 0.0039 -0.00970355  
0.9453 0.0039 -0.00161387  
0.9653 0.0039 0.00766493  
0.9853 0.0039 0.0176301  
1.0053 0.0039 0.0283734  
1.0253 0.0039 0.0396365  
1.0453 0.0039 0.0514661  
1.0653 0.0039 0.0635853  
1.0853 0.0039 0.0760426  
1.1053 0.0039 0.0885548  
1.1253 0.0039 0.101367  
1.1453 0.0039 0.114354  
1.1653 0.0039 0.127579  
1.1853 0.0039 0.141105  
1.2053 0.0039 0.154871  
1.2253 0.0039 0.168857  
1.2453 0.0039 0.18307  
1.2653 0.0039 0.197212  
1.2853 0.0039 0.32  
1.3053 0.0039 0.32  
1.3253 0.0039 0.32  
1.3453 0.0039 0.32  
1.3653 0.0039 0.32  
1.3853 0.0039 0.32  
1.4053 0.0039 0.32  
1.4253 0.0039 0.32  
1.4453 0.0039 0.32  
1.4653 0.0039 0.32  
1.4853 0.0039 0.32  
1.5053 0.0039 0.32  
-0.3947 0.0239 0.32  
-0.3747 0.0239 0.32  
-0.3547 0.0239 0.32  
-0.3347 0.0239 0.32  
-0.3147 0.0239 0.32  
-0.2947 0.0239 0.32  
-0.2747 0.0239 0.32  
-0.2547 0.0239 0.32  
-0.2347 0.0239 0.189268  
-0.2147 0.0239 0.172784  
-0.1947 0.0239 0.156824  
-0.1747 0.0239 0.141276  
-0.1547 0.0239 0.126354  
-0.1347 0.0239 0.11187  
-0.1147 0.0239 0.0978629  
-0.0947 0.0239 0.084283  
-0.0747 0.0239 0.0711212  
-0.0547 0.0239 0.0583547  
-0.0347 0.0239 0.0459305  
-0.0147 0.0239 0.0336224  
0.0053 0.0239 0.0215181  
0.0253 0.0239 0.0187385  
0.0453 0.0239 0.019635  
0.0653 0.0239 0.00771786  
0.0853 0.0239 -0.00199315  
0.1053 0.0239 -0.00984289  
0.1253 0.0239 -0.0162085  
0.1453 0.0239 -0.0213674  
0.1653 0.0239 -0.0248954  
0.1853 0.0239 -0.0268443  
0.2053 0.0239 -0.0285832  
0.2253 0.0239 -0.0301732  
0.2453 0.0239 -0.0315616  
0.2653 0.0239 -0.0328044  
0.2853 0.0239 -0.0338479  
0.3053 0.0239 -0.0348379  
0.3253 0.0239 -0.035634  
0.3453 0.0239 -0.0363285  
0.3653 0.0239 -0.0369229  
0.3853 0.0239 -0.0373644  
0.4053 0.0239 -0.0377117  
0.4253 0.0239 -0.0379599  
0.4453 0.0239 -0.038  
0.4653 0.0239 -0.038  
0.4853 0.0239 -0.0378857  
0.5053 0.0239 -0.0376381  
0.5253 0.0239 -0.037191  
0.5453 0.0239 -0.0367435  
0.5653 0.0239 -0.0360813  
0.5853 0.0239 -0.0353131  
0.6053 0.0239 -0.0344694  
0.6253 0.0239 -0.0334274  
0.6453 0.0239 -0.0323576  
0.6653 0.0239 -0.0309695  
0.6853 0.0239 -0.015  
0.7053 0.0239 0.005  
0.7253 0.0239 0.00931081  
0.7453 0.0239 0.00990644  
0.7653 0.0239 0.0101542  
0.7853 0.0239 0.0101928  
0.8053 0.0239 0.00984424  
0.8253 0.0239 0.00929548  
0.8453 0.0239 0.00849123  
0.8653 0.0239 0.00729701  
0.8853 0.0239 0.00281341  
0.9053 0.0239 0.00366317  
0.9253 0.0239 0.00910403  
0.9453 0.0239 0.0165605  
0.9653 0.0239 0.0252464  
0.9853 0.0239 0.0348772  
1.0053 0.0239 0.0451835  
1.0253 0.0239 0.0561609  
1.0453 0.0239 0.0675446  
1.0653 0.0239 0.0794509  
1.0853 0.0239 0.0916289  
1.1053 0.0239 0.104125  
1.1253 0.0239 0.116714  
1.1453 0.0239 0.129558  
1.1653 0.0239 0.142576  
1.1853 0.0239 0.155824  
1.2053 0.0239 0.169371  
1.2253 0.0239 0.183153  
1.2453 0.0239 0.197141  
1.2653 0.0239 0.211354  
1.2853 0.0239 0.32  
1.3053 0.0239 0.32  
1.3253 0.0239 0.32  
1.3453 0.0239 0.32  
1.3653 0.0239 0.32  
1.3853 0.0239 0.32  
1.4053 0.0239 0.32  
1.4253 0.0239 0.32  
1.4453 0.0239 0.32  
1.4653 0.0239 0.32  
1.4853 0.0239 0.32  
1.5053 0.0239 0.32  
-0.3947 0.0439 0.32  
-0.3747 0.0439 0.32  
-0.3547 0.0439 0.32  
-0.3347 0.0439 0.32  
-0.3147 0.0439 0.32  
-0.2947 0.0439 0.32  
-0.2747 0.0439 0.32  
-0.2547 0.0439 0.32  
-0.2347 0.0439 0.200705  
-0.2147 0.0439 0.184927  
-0.1947 0.0439 0.169467  
-0.1747 0.0439 0.154618  
-0.1547 0.0439 0.140152  
-0.1347 0.0439 0.126127  
-0.1147 0.0439 0.112533  
-0.0947 0.0439 0.0993001  
-0.0747 0.0439 0.0864914  
-0.0547 0.0439 0.0739949  
-0.0347 0.0439 0.0616771  
-0.0147 0.0439 0.0494271  
0.0053 0.0439 0.0394351  
0.0253 0.0439 0.0379886  
0.0453 0.0439 0.035409  
0.0653 0.0439 0.0249154  
0.0853 0.0439 0.0161698  
0.1053 0.0439 0.00893806  
0.1253 0.0439 0.00300978  
0.1453 0.0439 -0.00188731  
0.1653 0.0439 -0.0050144  
0.1853 0.0439 -0.00692079  
0.2053 0.0439 -0.00865754  
0.2253 0.0439 -0.0102206  
0.2453 0.0439 -0.0115892  
0.2653 0.0439 -0.0128311  
0.2853 0.0439 -0.0138755  
0.3053 0.0439 -0.0148498  
0.3253 0.0439 -0.0156459  
0.3453 0.0439 -0.0163408  
0.3653 0.0439 -0.0169352  
0.3853 0.0439 -0.0173675  
0.4053 0.0439 -0.0177148  
0.4253 0.0439 -0.0179628  
0.4453 0.0439 -0.018  
0.4653 0.0439 -0.018  
0.4853 0.0439 -0.0178887  
0.5053 0.0439 -0.0176411  
0.5253 0.0439 -0.017194  
0.5453 0.0439 -0.0167465  
0.5653 0.0439 -0.0160936  
0.5853 0.0439 -0.0153398  
0.6053 0.0439 -0.0144961  
0.6253 0.0439 -0.0134551  
0.6453 0.0439 -0.012405  
0.6653 0.0439 -0.0110185  
0.6853 0.0439 -0.00962545  
0.7053 0.0439 -0.00808896  
0.7253 0.0439 -0.00635402  
0.7453 0.0439 -0.00446925  
0.7653 0.0439 -0.00238158  
0.7853 0.0439 -9.94505e-05  
0.8053 0.0439 0.00235065  
0.8253 0.0439 0.00503139  
0.8453 0.0439 0.00787611  
0.8653 0.0439 0.0110994  
0.8853 0.0439 0.0168241  
0.9053 0.0439 0.0233524  
0.9253 0.0439 0.028053  
0.9453 0.0439 0.0349406  
0.9653 0.0439 0.0431012  
0.9853 0.0439 0.0523475  
1.0053 0.0439 0.0622495  
1.0253 0.0439 0.0728289  
1.0453 0.0439 0.0839522  
1.0653 0.0439 0.0954956  
1.0853 0.0439 0.107444  
1.1053 0.0439 0.119751  
1.1253 0.0439 0.13225  
1.1453 0.0439 0.144876  
1.1653 0.0439 0.15772  
1.1853 0.0439 0.170797  
1.2053 0.0439 0.18407  
1.2253 0.0439 0.197643  
1.2453 0.0439 0.211434  
1.2653 0.0439 0.225426  
1.2853 0.0439 0.32  
1.3053 0.0439 0.32  
1.3253 0.0439 0.32  
1.3453 0.0439 0.32  
1.3653 0.0439 0.32  
1.3853 0.0439 0.32  
1.4053 0.0439 0.32  
1.4253 0.0439 0.32  
1.4453 0.0439 0.32  
1.4653 0.0439 0.32  
1.4853 0.0439 0.32  
1.5053 0.0439 0.32  
-0.3947 0.0639 0.32  
-0.3747 0.0639 0.32  
-0.3547 0.0639 0.32  
-0.3347 0.0639 0.32  
-0.3147 0.0639 0.32  
-0.2947 0.0639 0.32  
-0.2747 0.0639 0.32  
-0.2547 0.0639 0.32  
-0.2347 0.0639 0.213049  
-0.2147 0.0639 0.197684  
-0.1947 0.0639 0.182882  
-0.1747 0.0639 0.168434  
-0.1547 0.0639 0.154391  
-0.1347 0.0639 0.140795  
-0.1147 0.0639 0.127516  
-0.0947 0.0639 0.114632  
-0.0747 0.0639 0.102097  
-0.0547 0.0639 0.0897319  
-0.0347 0.0639 0.0774313  
-0.0147 0.0639 0.0660237  
0.0053 0.0639 0.0587123  
0.0253 0.0639 0.0577506  
0.0453 0.0639 0.0522556  
0.0653 0.0639 0.0427228  
0.0853 0.0639 0.0346861  
0.1053 0.0639 0.0278807  
0.1253 0.0639 0.022289  
0.1453 0.0639 0.0176993  
0.1653 0.0639 0.0148757  
0.1853 0.0639 0.0130035  
0.2053 0.0639 0.0112686  
0.2253 0.0639 0.00973206  
0.2453 0.0639 0.00838313  
0.2653 0.0639 0.00714218  
0.2853 0.0639 0.00609682  
0.3053 0.0639 0.00513833  
0.3253 0.0639 0.00434225  
0.3453 0.0639 0.00364688  
0.3653 0.0639 0.00305251  
0.3853 0.0639 0.00262942  
0.4053 0.0639 0.0022821  
0.4253 0.0639 0.00203418  
0.4453 0.0639 0.002  
0.4653 0.0639 0.002  
0.4853 0.0639 0.00210831  
0.5053 0.0639 0.00235578  
0.5253 0.0639 0.00280303  
0.5453 0.0639 0.00325038  
0.5653 0.0639 0.00389424  
0.5853 0.0639 0.00463346  
0.6053 0.0639 0.0054861  
0.6253 0.0639 0.0065173  
0.6453 0.0639 0.00756322  
0.6653 0.0639 0.00893242  
0.6853 0.0639 0.0103255  
0.7053 0.0639 0.0118371  
0.7253 0.0639 0.0135721  
0.7453 0.0639 0.0154246  
0.7653 0.0639 0.0175085  
0.7853 0.0639 0.0197847  
0.8053 0.0639 0.0221565  
0.8253 0.0639 0.0248373  
0.8453 0.0639 0.0276314  
0.8653 0.0639 0.0307981  
0.8853 0.0639 0.0346273  
0.9053 0.0639 0.0431284  
0.9253 0.0639 0.0472669  
0.9453 0.0639 0.0535139  
0.9653 0.0639 0.0612431  
0.9853 0.0639 0.0699554  
1.0053 0.0639 0.0795294  
1.0253 0.0639 0.0897038  
1.0453 0.0639 0.100484  
1.0653 0.0639 0.111743  
1.0853 0.0639 0.12348  
1.1053 0.0639 0.135516  
1.1253 0.0639 0.14788  
1.1453 0.0639 0.160412  
1.1653 0.0639 0.173038  
1.1853 0.0639 0.185886  
1.2053 0.0639 0.199019  
1.2253 0.0639 0.212325  
1.2453 0.0639 0.225917  
1.2653 0.0639 0.239716  
1.2853 0.0639 0.32  
1.3053 0.0639 0.32  
1.3253 0.0639 0.32  
1.3453 0.0639 0.32  
1.3653 0.0639 0.32  
1.3853 0.0639 0.32  
1.4053 0.0639 0.32  
1.4253 0.0639 0.32  
1.4453 0.0639 0.32  
1.4653 0.0639 0.32  
1.4853 0.0639 0.32  
1.5053 0.0639 0.32  
-0.3947 0.0839 0.32  
-0.3747 0.0839 0.32  
-0.3547 0.0839 0.32  
-0.3347 0.0839 0.32  
-0.3147 0.0839 0.32  
-0.2947 0.0839 0.32  
-0.2747 0.0839 0.32  
-0.2547 0.0839 0.32  
-0.2347 0.0839 0.225918  
-0.2147 0.0839 0.211146  
-0.1947 0.0839 0.196716  
-0.1747 0.0839 0.182655  
-0.1547 0.0839 0.169059  
-0.1347 0.0839 0.155744  
-0.1147 0.0839 0.142804  
-0.0947 0.0839 0.1302  
-0.0747 0.0839 0.117828  
-0.0547 0.0839 0.105534  
-0.0347 0.0839 0.0936116  
-0.0147 0.0839 0.083971  
0.0053 0.0839 0.0783526  
0.0253 0.0839 0.0776346  
0.0453 0.0839 0.0696146  
0.0653 0.0839 0.0608403  
0.0853 0.0839 0.0533683  
0.1053 0.0839 0.0469773  
0.1253 0.0839 0.0416919  
0.1453 0.0839 0.0373354  
0.1653 0.0839 0.0347667  
0.1853 0.0839 0.0329296  
0.2053 0.0839 0.0311946  
0.2253 0.0839 0.0296831  
0.2453 0.0839 0.0283555  
0.2653 0.0839 0.0271151  
0.2853 0.0839 0.0260692  
0.3053 0.0839 0.0251264  
0.3253 0.0839 0.0243304  
0.3453 0.0839 0.0236346  
0.3653 0.0839 0.0230402  
0.3853 0.0839 0.0226263  
0.4053 0.0839 0.022279  
0.4253 0.0839 0.0220312  
0.4453 0.0839 0.022  
0.4653 0.0839 0.022  
0.4853 0.0839 0.0221053  
0.5053 0.0839 0.0223527  
0.5253 0.0839 0.0227933  
0.5453 0.0839 0.0232473  
0.5653 0.0839 0.0238824  
0.5853 0.0839 0.0246068  
0.6053 0.0839 0.0254738  
0.6253 0.0839 0.0264897  
0.6453 0.0839 0.0275356  
0.6653 0.0839 0.0288834  
0.6853 0.0839 0.0302764  
0.7053 0.0839 0.0317692  
0.7253 0.0839 0.0334982  
0.7453 0.0839 0.0353397  
0.7653 0.0839 0.0373986  
0.7853 0.0839 0.0396356  
0.8053 0.0839 0.0419741  
0.8253 0.0839 0.0446431  
0.8453 0.0839 0.0474229  
0.8653 0.0839 0.0505059  
0.8853 0.0839 0.0539912  
0.9053 0.0839 0.0612132  
0.9253 0.0839 0.0665806  
0.9453 0.0839 0.0723317  
0.9653 0.0839 0.0795848  
0.9853 0.0839 0.0878162  
1.0053 0.0839 0.0970301  
1.0253 0.0839 0.10687  
1.0453 0.0839 0.117286  
1.0653 0.0839 0.128268  
1.0853 0.0839 0.139607  
1.1053 0.0839 0.151465  
1.1253 0.0839 0.163582  
1.1453 0.0839 0.176002  
1.1653 0.0839 0.188514  
1.1853 0.0839 0.2012  
1.2053 0.0839 0.214078  
1.2253 0.0839 0.227241  
1.2453 0.0839 0.240586  
1.2653 0.0839 0.254191  
1.2853 0.0839 0.32  
1.3053 0.0839 0.32  
1.3253 0.0839 0.32  
1.3453 0.0839 0.32  
1.3653 0.0839 0.32  
1.3853 0.0839 0.32  
1.4053 0.0839 0.32  
1.4253 0.0839 0.32  
1.4453 0.0839 0.32  
1.4653 0.0839 0.32  
1.4853 0.0839 0.32  
1.5053 0.0839 0.32  
-0.3947 0.1039 0.32  
-0.3747 0.1039 0.32  
-0.3547 0.1039 0.32  
-0.3347 0.1039 0.32  
-0.3147 0.1039 0.32  
-0.2947 0.1039 0.32  
-0.2747 0.1039 0.32  
-0.2547 0.1039 0.32  
-0.2347 0.1039 0.32  
-0.2147 0.1039 0.32  
-0.1947 0.1039 0.32  
-0.1747 0.1039 0.32  
-0.1547 0.1039 0.183972  
-0.1347 0.1039 0.170978  
-0.1147 0.1039 0.158302  
-0.0947 0.1039 0.14592  
-0.0747 0.1039 0.133612  
-0.0547 0.1039 0.121496  
-0.0347 0.1039 0.110703  
-0.0147 0.1039 0.10268  
0.0053 0.1039 0.0981383  
0.0253 0.1039 0.0968453  
0.0453 0.1039 0.0874388  
0.0653 0.1039 0.0792529  
0.0853 0.1039 0.0721799  
0.1053 0.1039 0.0662078  
0.1253 0.1039 0.0610947  
0.1453 0.1039 0.0570875  
0.1653 0.1039 0.0546903  
0.1853 0.1039 0.0528557  
0.2053 0.1039 0.0511269  
0.2253 0.1039 0.0496341  
0.2453 0.1039 0.0483278  
0.2653 0.1039 0.0470875  
0.2853 0.1039 0.0460415  
0.3053 0.1039 0.0451007  
0.3253 0.1039 0.0443185  
0.3453 0.1039 0.0436223  
0.3653 0.1039 0.0430279  
0.3853 0.1039 0.0426233  
0.4053 0.1039 0.042276  
0.4253 0.1039 0.0420282  
0.4453 0.1039 0.042  
0.4653 0.1039 0.042  
0.4853 0.1039 0.042103  
0.5053 0.1039 0.0423496  
0.5253 0.1039 0.0427815  
0.5453 0.1039 0.0432442  
0.5653 0.1039 0.0438705  
0.5853 0.1039 0.0445801  
0.6053 0.1039 0.0454615  
0.6253 0.1039 0.046462  
0.6453 0.1039 0.0475079  
0.6653 0.1039 0.0488357  
0.6853 0.1039 0.0502274  
0.7053 0.1039 0.0517202  
0.7253 0.1039 0.0534243  
0.7453 0.1039 0.0552632  
0.7653 0.1039 0.0572887  
0.7853 0.1039 0.0594864  
0.8053 0.1039 0.061825  
0.8253 0.1039 0.064449  
0.8453 0.1039 0.0672288  
0.8653 0.1039 0.0702611  
0.8853 0.1039 0.0736696  
0.9053 0.1039 0.0791394  
0.9253 0.1039 0.0860703  
0.9453 0.1039 0.0912625  
0.9653 0.1039 0.0979917  
0.9853 0.1039 0.105926  
1.0053 0.1039 0.114672  
1.0253 0.1039 0.124212  
1.0453 0.1039 0.134249  
1.0653 0.1039 0.144931  
1.0853 0.1039 0.156059  
1.1053 0.1039 0.167527  
1.1253 0.1039 0.32  
1.1453 0.1039 0.32  
1.1653 0.1039 0.32  
1.1853 0.1039 0.32  
1.2053 0.1039 0.32  
1.2253 0.1039 0.32  
1.2453 0.1039 0.32  
1.2653 0.1039 0.32  
1.2853 0.1039 0.32  
1.3053 0.1039 0.32  
1.3253 0.1039 0.32  
1.3453 0.1039 0.32  
1.3653 0.1039 0.32  
1.3853 0.1039 0.32  
1.4053 0.1039 0.32  
1.4253 0.1039 0.32  
1.4453 0.1039 0.32  
1.4653 0.1039 0.32  
1.4853 0.1039 0.32  
1.5053 0.1039 0.32  
-0.3947 0.1239 0.32  
-0.3747 0.1239 0.32  
-0.3547 0.1239 0.32  
-0.3347 0.1239 0.32  
-0.3147 0.1239 0.32  
-0.2947 0.1239 0.32  
-0.2747 0.1239 0.32  
-0.2547 0.1239 0.32  
-0.2347 0.1239 0.32  
-0.2147 0.1239 0.32  
-0.1947 0.1239 0.32  
-0.1747 0.1239 0.32  
-0.1547 0.1239 0.199152  
-0.1347 0.1239 0.186413  
-0.1147 0.1239 0.173975  
-0.0947 0.1239 0.161667  
-0.0747 0.1239 0.149411  
-0.0547 0.1239 0.138055  
-0.0347 0.1239 0.128636  
-0.0147 0.1239 0.1218  
0.0053 0.1239 0.117996  
0.0253 0.1239 0.114314  
0.0453 0.1239 0.10554  
0.0653 0.1239 0.0978553  
0.0853 0.1239 0.0911173  
0.1053 0.1239 0.085412  
0.1253 0.1239 0.0805631  
0.1453 0.1239 0.0768428  
0.1653 0.1239 0.0746164  
0.1853 0.1239 0.0727818  
0.2053 0.1239 0.0710778  
0.2253 0.1239 0.069585  
0.2453 0.1239 0.068293  
0.2653 0.1239 0.0670598  
0.2853 0.1239 0.0660139  
0.3053 0.1239 0.0650731  
0.3253 0.1239 0.0643066  
0.3453 0.1239 0.0636105  
0.3653 0.1239 0.0630156  
0.3853 0.1239 0.0626202  
0.4053 0.1239 0.0622729  
0.4253 0.1239 0.0620253  
0.4453 0.1239 0.062  
0.4653 0.1239 0.062  
0.4853 0.1239 0.062102  
0.5053 0.1239 0.0623465  
0.5253 0.1239 0.0627696  
0.5453 0.1239 0.0632411  
0.5653 0.1239 0.0638586  
0.5853 0.1239 0.0645565  
0.6053 0.1239 0.0654492  
0.6253 0.1239 0.0664353  
0.6453 0.1239 0.0674803  
0.6653 0.1239 0.0687883  
0.6853 0.1239 0.0701783  
0.7053 0.1239 0.0716711  
0.7253 0.1239 0.0733482  
0.7453 0.1239 0.0751867  
0.7653 0.1239 0.0771789  
0.7853 0.1239 0.0793373  
0.8053 0.1239 0.0816759  
0.8253 0.1239 0.0842549  
0.8453 0.1239 0.0870347  
0.8653 0.1239 0.0900164  
0.8853 0.1239 0.0933687  
0.9053 0.1239 0.0978726  
0.9253 0.1239 0.105637  
0.9453 0.1239 0.110446  
0.9653 0.1239 0.116742  
0.9853 0.1239 0.124229  
1.0053 0.1239 0.132531  
1.0253 0.1239 0.141716  
1.0453 0.1239 0.151491  
1.0653 0.1239 0.161779  
1.0853 0.1239 0.172595  
1.1053 0.1239 0.183851  
1.1253 0.1239 0.32  
1.1453 0.1239 0.32  
1.1653 0.1239 0.32  
1.1853 0.1239 0.32  
1.2053 0.1239 0.32  
1.2253 0.1239 0.32  
1.2453 0.1239 0.32  
1.2653 0.1239 0.32  
1.2853 0.1239 0.32  
1.3053 0.1239 0.32  
1.3253 0.1239 0.32  
1.3453 0.1239 0.32  
1.3653 0.1239 0.32  
1.3853 0.1239 0.32  
1.4053 0.1239 0.32  
1.4253 0.1239 0.32  
1.4453 0.1239 0.32  
1.4653 0.1239 0.32  
1.4853 0.1239 0.32  
1.5053 0.1239 0.32  
-0.3947 0.1439 0.32  
-0.3747 0.1439 0.32  
-0.3547 0.1439 0.32  
-0.3347 0.1439 0.32  
-0.3147 0.1439 0.32  
-0.2947 0.1439 0.32  
-0.2747 0.1439 0.32  
-0.2547 0.1439 0.32  
-0.2347 0.1439 0.32  
-0.2147 0.1439 0.32  
-0.1947 0.1439 0.32  
-0.1747 0.1439 0.32  
-0.1547 0.1439 0.214549  
-0.1347 0.1439 0.202057  
-0.1147 0.1439 0.189721  
-0.0947 0.1439 0.177414  
-0.0747 0.1439 0.16572  
-0.0547 0.1439 0.155406  
-0.0347 0.1439 0.147102  
-0.0147 0.1439 0.141163  
0.0053 0.1439 0.137895  
0.0253 0.1439 0.132155  
0.0453 0.1439 0.123864  
0.0653 0.1439 0.11658  
0.0853 0.1439 0.110195  
0.1053 0.1439 0.104751  
0.1253 0.1439 0.100064  
0.1453 0.1439 0.0966479  
0.1653 0.1439 0.0945425  
0.1853 0.1439 0.0927054  
0.2053 0.1439 0.0910288  
0.2253 0.1439 0.0895359  
0.2453 0.1439 0.0882456  
0.2653 0.1439 0.0870322  
0.2853 0.1439 0.0859868  
0.3053 0.1439 0.0850454  
0.3253 0.1439 0.0842947  
0.3453 0.1439 0.0835986  
0.3653 0.1439 0.0830033  
0.3853 0.1439 0.0826171  
0.4053 0.1439 0.0822698  
0.4253 0.1439 0.0820223  
0.4453 0.1439 0.082  
0.4653 0.1439 0.082  
0.4853 0.1439 0.0821015  
0.5053 0.1439 0.0823435  
0.5253 0.1439 0.0827577  
0.5453 0.1439 0.0832381  
0.5653 0.1439 0.0838467  
0.5853 0.1439 0.0845427  
0.6053 0.1439 0.0854369  
0.6253 0.1439 0.0864086  
0.6453 0.1439 0.0874526  
0.6653 0.1439 0.0887409  
0.6853 0.1439 0.0901307  
0.7053 0.1439 0.091622  
0.7253 0.1439 0.0932717  
0.7453 0.1439 0.0950852  
0.7653 0.1439 0.097069  
0.7853 0.1439 0.0991882  
0.8053 0.1439 0.101527  
0.8253 0.1439 0.104066  
0.8453 0.1439 0.106841  
0.8653 0.1439 0.109772  
0.8853 0.1439 0.113058  
0.9053 0.1439 0.117026  
0.9253 0.1439 0.123802  
0.9453 0.1439 0.129716  
0.9653 0.1439 0.135559  
0.9853 0.1439 0.142612  
1.0053 0.1439 0.150608  
1.0253 0.1439 0.159392  
1.0453 0.1439 0.168895  
1.0653 0.1439 0.178863  
1.0853 0.1439 0.189388  
1.1053 0.1439 0.200375  
1.1253 0.1439 0.32  
1.1453 0.1439 0.32  
1.1653 0.1439 0.32  
1.1853 0.1439 0.32  
1.2053 0.1439 0.32  
1.2253 0.1439 0.32  
1.2453 0.1439 0.32  
1.2653 0.1439 0.32  
1.2853 0.1439 0.32  
1.3053 0.1439 0.32  
1.3253 0.1439 0.32  
1.3453 0.1439 0.32  
1.3653 0.1439 0.32  
1.3853 0.1439 0.32  
1.4053 0.1439 0.32  
1.4253 0.1439 0.32  
1.4453 0.1439 0.32  
1.4653 0.1439 0.32  
1.4853 0.1439 0.32  
1.5053 0.1439 0.32  
-0.3947 0.1639 0.32  
-0.3747 0.1639 0.32  
-0.3547 0.1639 0.32  
-0.3347 0.1639 0.32  
-0.3147 0.1639 0.32  
-0.2947 0.1639 0.32  
-0.2747 0.1639 0.32  
-0.2547 0.1639 0.32  
-0.2347 0.1639 0.32  
-0.2147 0.1639 0.32  
-0.1947 0.1639 0.32  
-0.1747 0.1639 0.32  
-0.1547 0.1639 0.230159  
-0.1347 0.1639 0.217788  
-0.1147 0.1639 0.205493  
-0.0947 0.1639 0.193564  
-0.0747 0.1639 0.182634  
-0.0547 0.1639 0.17333  
-0.0347 0.1639 0.165925  
-0.0147 0.1639 0.160683  
0.0053 0.1639 0.15782  
0.0253 0.1639 0.150239  
0.0453 0.1639 0.142384  
0.0653 0.1639 0.135422  
0.0853 0.1639 0.129394  
0.1053 0.1639 0.124154  
0.1253 0.1639 0.119679  
0.1453 0.1639 0.116498  
0.1653 0.1639 0.114436  
0.1853 0.1639 0.112629  
0.2053 0.1639 0.11098  
0.2253 0.1639 0.109487  
0.2453 0.1639 0.108198  
0.2653 0.1639 0.107005  
0.2853 0.1639 0.10596  
0.3053 0.1639 0.105018  
0.3253 0.1639 0.104283  
0.3453 0.1639 0.103587  
0.3653 0.1639 0.102991  
0.3853 0.1639 0.102614  
0.4053 0.1639 0.102267  
0.4253 0.1639 0.102019  
0.4453 0.1639 0.102  
0.4653 0.1639 0.102  
0.4853 0.1639 0.102101  
0.5053 0.1639 0.10234  
0.5253 0.1639 0.102746  
0.5453 0.1639 0.103235  
0.5653 0.1639 0.103835  
0.5853 0.1639 0.10453  
0.6053 0.1639 0.105425  
0.6253 0.1639 0.106382  
0.6453 0.1639 0.107425  
0.6653 0.1639 0.108694  
0.6853 0.1639 0.110083  
0.7053 0.1639 0.111556  
0.7253 0.1639 0.113195  
0.7453 0.1639 0.114975  
0.7653 0.1639 0.116959  
0.7853 0.1639 0.119045  
0.8053 0.1639 0.121378  
0.8253 0.1639 0.123915  
0.8453 0.1639 0.126646  
0.8653 0.1639 0.129527  
0.8853 0.1639 0.13275  
0.9053 0.1639 0.136422  
0.9253 0.1639 0.142278  
0.9453 0.1639 0.14904  
0.9653 0.1639 0.154495  
0.9853 0.1639 0.161166  
1.0053 0.1639 0.168873  
1.0253 0.1639 0.177247  
1.0453 0.1639 0.186418  
1.0653 0.1639 0.196115  
1.0853 0.1639 0.206308  
1.1053 0.1639 0.217034  
1.1253 0.1639 0.32  
1.1453 0.1639 0.32  
1.1653 0.1639 0.32  
1.1853 0.1639 0.32  
1.2053 0.1639 0.32  
1.2253 0.1639 0.32  
1.2453 0.1639 0.32  
1.2653 0.1639 0.32  
1.2853 0.1639 0.32  
1.3053 0.1639 0.32  
1.3253 0.1639 0.32  
1.3453 0.1639 0.32  
1.3653 0.1639 0.32  
1.3853 0.1639 0.32  
1.4053 0.1639 0.32  
1.4253 0.1639 0.32  
1.4453 0.1639 0.32  
1.4653 0.1639 0.32  
1.4853 0.1639 0.32  
1.5053 0.1639 0.32  
-0.3947 0.1839 0.32  
-0.3747 0.1839 0.32  
-0.3547 0.1839 0.32  
-0.3347 0.1839 0.32  
-0.3147 0.1839 0.32  
-0.2947 0.1839 0.32  
-0.2747 0.1839 0.32  
-0.2547 0.1839 0.32  
-0.2347 0.1839 0.32  
-0.2147 0.1839 0.32  
-0.1947 0.1839 0.32  
-0.1747 0.1839 0.32  
-0.1547 0.1839 0.32  
-0.1347 0.1839 0.32  
-0.1147 0.1839 0.32  
-0.0947 0.1839 0.32  
-0.0747 0.1839 0.32  
-0.0547 0.1839 0.32  
-0.0347 0.1839 0.32  
-0.0147 0.1839 0.32  
0.0053 0.1839 0.32  
0.0253 0.1839 0.32  
0.0453 0.1839 0.32  
0.0653 0.1839 0.32  
0.0853 0.1839 0.32  
0.1053 0.1839 0.32  
0.1253 0.1839 0.32  
0.1453 0.1839 0.32  
0.1653 0.1839 0.134326  
0.1853 0.1839 0.132552  
0.2053 0.1839 0.130913  
0.2253 0.1839 0.129438  
0.2453 0.1839 0.128151  
0.2653 0.1839 0.126977  
0.2853 0.1839 0.125933  
0.3053 0.1839 0.12499  
0.3253 0.1839 0.124271  
0.3453 0.1839 0.123575  
0.3653 0.1839 0.122979  
0.3853 0.1839 0.122611  
0.4053 0.1839 0.122264  
0.4253 0.1839 0.122016  
0.4453 0.1839 0.122  
0.4653 0.1839 0.122  
0.4853 0.1839 0.122101  
0.5053 0.1839 0.122337  
0.5253 0.1839 0.122734  
0.5453 0.1839 0.123227  
0.5653 0.1839 0.123823  
0.5853 0.1839 0.124518  
0.6053 0.1839 0.125412  
0.6253 0.1839 0.126355  
0.6453 0.1839 0.127399  
0.6653 0.1839 0.128645  
0.6853 0.1839 0.130036  
0.7053 0.1839 0.131479  
0.7253 0.1839 0.133119  
0.7453 0.1839 0.134867  
0.7653 0.1839 0.136849  
0.7853 0.1839 0.138934  
0.8053 0.1839 0.32  
0.8253 0.1839 0.32  
0.8453 0.1839 0.32  
0.8653 0.1839 0.32  
0.8853 0.1839 0.32  
0.9053 0.1839 0.32  
0.9253 0.1839 0.32  
0.9453 0.1839 0.32  
0.9653 0.1839 0.32  
0.9853 0.1839 0.32  
1.0053 0.1839 0.32  
1.0253 0.1839 0.32  
1.0453 0.1839 0.32  
1.0653 0.1839 0.32  
1.0853 0.1839 0.32  
1.1053 0.1839 0.32  
1.1253 0.1839 0.32  
1.1453 0.1839 0.32  
1.1653 0.1839 0.32  
1.1853 0.1839 0.32  
1.2053 0.1839 0.32  
1.2253 0.1839 0.32  
1.2453 0.1839 0.32  
1.2653 0.1839 0.32  
1.2853 0.1839 0.32  
1.3053 0.1839 0.32  
1.3253 0.1839 0.32  
1.3453 0.1839 0.32  
1.3653 0.1839 0.32  
1.3853 0.1839 0.32  
1.4053 0.1839 0.32  
1.4253 0.1839 0.32  
1.4453 0.1839 0.32  
1.4653 0.1839 0.32  
1.4853 0.1839 0.32  
1.5053 0.1839 0.32  
-0.3947 0.2039 0.32  
-0.3747 0.2039 0.32  
-0.3547 0.2039 0.32  
-0.3347 0.2039 0.32  
-0.3147 0.2039 0.32  
-0.2947 0.2039 0.32  
-0.2747 0.2039 0.32  
-0.2547 0.2039 0.32  
-0.2347 0.2039 0.32  
-0.2147 0.2039 0.32  
-0.1947 0.2039 0.32  
-0.1747 0.2039 0.32  
-0.1547 0.2039 0.32  
-0.1347 0.2039 0.32  
-0.1147 0.2039 0.32  
-0.0947 0.2039 0.32  
-0.0747 0.2039 0.32  
-0.0547 0.2039 0.32  
-0.0347 0.2039 0.32  
-0.0147 0.2039 0.32  
0.0053 0.2039 0.32  
0.0253 0.2039 0.32  
0.0453 0.2039 0.32  
0.0653 0.2039 0.32  
0.0853 0.2039 0.32  
0.1053 0.2039 0.32  
0.1253 0.2039 0.32  
0.1453 0.2039 0.32  
0.1653 0.2039 0.154221  
0.1853 0.2039 0.152476  
0.2053 0.2039 0.150837  
0.2253 0.2039 0.149389  
0.2453 0.2039 0.148102  
0.2653 0.2039 0.14695  
0.2853 0.2039 0.145907  
0.3053 0.2039 0.144964  
0.3253 0.2039 0.144259  
0.3453 0.2039 0.143563  
0.3653 0.2039 0.142968  
0.3853 0.2039 0.142608  
0.4053 0.2039 0.142261  
0.4253 0.2039 0.142014  
0.4453 0.2039 0.142  
0.4653 0.2039 0.142  
0.4853 0.2039 0.142101  
0.5053 0.2039 0.142334  
0.5253 0.2039 0.142722  
0.5453 0.2039 0.143215  
0.5653 0.2039 0.143811  
0.5853 0.2039 0.144506  
0.6053 0.2039 0.145385  
0.6253 0.2039 0.146329  
0.6453 0.2039 0.147372  
0.6653 0.2039 0.148596  
0.6853 0.2039 0.149989  
0.7053 0.2039 0.151403  
0.7253 0.2039 0.153042  
0.7453 0.2039 0.154781  
0.7653 0.2039 0.156739  
0.7853 0.2039 0.158828  
0.8053 0.2039 0.32  
0.8253 0.2039 0.32  
0.8453 0.2039 0.32  
0.8653 0.2039 0.32  
0.8853 0.2039 0.32  
0.9053 0.2039 0.32  
0.9253 0.2039 0.32  
0.9453 0.2039 0.32  
0.9653 0.2039 0.32  
0.9853 0.2039 0.32  
1.0053 0.2039 0.32  
1.0253 0.2039 0.32  
1.0453 0.2039 0.32  
1.0653 0.2039 0.32  
1.0853 0.2039 0.32  
1.1053 0.2039 0.32  
1.1253 0.2039 0.32  
1.1453 0.2039 0.32  
1.1653 0.2039 0.32  
1.1853 0.2039 0.32  
1.2053 0.2039 0.32  
1.2253 0.2039 0.32  
1.2453 0.2039 0.32  
1.2653 0.2039 0.32  
1.2853 0.2039 0.32  
1.3053 0.2039 0.32  
1.3253 0.2039 0.32  
1.3453 0.2039 0.32  
1.3653 0.2039 0.32  
1.3853 0.2039 0.32  
1.4053 0.2039 0.32  
1.4253 0.2039 0.32  
1.4453 0.2039 0.32  
1.4653 0.2039 0.32  
1.4853 0.2039 0.32  
1.5053 0.2039 0.32  
-0.3947 0.2239 0.32  
-0.3747 0.2239 0.32  
-0.3547 0.2239 0.32  
-0.3347 0.2239 0.32  
-0.3147 0.2239 0.32  
-0.2947 0.2239 0.32  
-0.2747 0.2239 0.32  
-0.2547 0.2239 0.32  
-0.2347 0.2239 0.32  
-0.2147 0.2239 0.32  
-0.1947 0.2239 0.32  
-0.1747 0.2239 0.32  
-0.1547 0.2239 0.32  
-0.1347 0.2239 0.32  
-0.1147 0.2239 0.32  
-0.0947 0.2239 0.32  
-0.0747 0.2239 0.32  
-0.0547 0.2239 0.32  
-0.0347 0.2239 0.32  
-0.0147 0.2239 0.32  
0.0053 0.2239 0.32  
0.0253 0.2239 0.32  
0.0453 0.2239 0.32  
0.0653 0.2239 0.32  
0.0853 0.2239 0.32  
0.1053 0.2239 0.32  
0.1253 0.2239 0.32  
0.1453 0.2239 0.32  
0.1653 0.2239 0.174138  
0.1853 0.2239 0.172399  
0.2053 0.2239 0.17076  
0.2253 0.2239 0.16934  
0.2453 0.2239 0.168053  
0.2653 0.2239 0.166923  
0.2853 0.2239 0.16588  
0.3053 0.2239 0.164944  
0.3253 0.2239 0.164246  
0.3453 0.2239 0.163551  
0.3653 0.2239 0.162959  
0.3853 0.2239 0.162605  
0.4053 0.2239 0.162257  
0.4253 0.2239 0.162012  
0.4453 0.2239 0.162  
0.4653 0.2239 0.162  
0.4853 0.2239 0.162101  
0.5053 0.2239 0.162331  
0.5253 0.2239 0.16271  
0.5453 0.2239 0.163203  
0.5653 0.2239 0.163799  
0.5853 0.2239 0.164494  
0.6053 0.2239 0.165358  
0.6253 0.2239 0.166301  
0.6453 0.2239 0.167345  
0.6653 0.2239 0.168547  
0.6853 0.2239 0.16994  
0.7053 0.2239 0.171333  
0.7253 0.2239 0.172966  
0.7453 0.2239 0.174705  
0.7653 0.2239 0.176633  
0.7853 0.2239 0.178722  
0.8053 0.2239 0.32  
0.8253 0.2239 0.32  
0.8453 0.2239 0.32  
0.8653 0.2239 0.32  
0.8853 0.2239 0.32  
0.9053 0.2239 0.32  
0.9253 0.2239 0.32  
0.9453 0.2239 0.32  
0.9653 0.2239 0.32  
0.9853 0.2239 0.32  
1.0053 0.2239 0.32  
1.0253 0.2239 0.32  
1.0453 0.2239 0.32  
1.0653 0.2239 0.32  
1.0853 0.2239 0.32  
1.1053 0.2239 0.32  
1.1253 0.2239 0.32  
1.1453 0.2239 0.32  
1.1653 0.2239 0.32  
1.1853 0.2239 0.32  
1.2053 0.2239 0.32  
1.2253 0.2239 0.32  
1.2453 0.2239 0.32  
1.2653 0.2239 0.32  
1.2853 0.2239 0.32  
1.3053 0.2239 0.32  
1.3253 0.2239 0.32  
1.3453 0.2239 0.32  
1.3653 0.2239 0.32  
1.3853 0.2239 0.32  
1.4053 0.2239 0.32  
1.4253 0.2239 0.32  
1.4453 0.2239 0.32  
1.4653 0.2239 0.32  
1.4853 0.2239 0.32  
1.5053 0.2239 0.32  
-0.3947 0.2439 0.32  
-0.3747 0.2439 0.32  
-0.3547 0.2439 0.32  
-0.3347 0.2439 0.32  
-0.3147 0.2439 0.32  
-0.2947 0.2439 0.32  
-0.2747 0.2439 0.32  
-0.2547 0.2439 0.32  
-0.2347 0.2439 0.32  
-0.2147 0.2439 0.32  
-0.1947 0.2439 0.32  
-0.1747 0.2439 0.32  
-0.1547 0.2439 0.32  
-0.1347 0.2439 0.32  
-0.1147 0.2439 0.32  
-0.0947 0.2439 0.32  
-0.0747 0.2439 0.32  
-0.0547 0.2439 0.32  
-0.0347 0.2439 0.32  
-0.0147 0.2439 0.32  
0.0053 0.2439 0.32  
0.0253 0.2439 0.32  
0.0453 0.2439 0.32  
0.0653 0.2439 0.32  
0.0853 0.2439 0.32  
0.1053 0.2439 0.32  
0.1253 0.2439 0.32  
0.1453 0.2439 0.32  
0.1653 0.2439 0.194062  
0.1853 0.2439 0.192323  
0.2053 0.2439 0.190691  
0.2253 0.2439 0.189292  
0.2453 0.2439 0.188004  
0.2653 0.2439 0.186897  
0.2853 0.2439 0.185853  
0.3053 0.2439 0.184929  
0.3253 0.2439 0.184234  
0.3453 0.2439 0.183539  
0.3653 0.2439 0.182953  
0.3853 0.2439 0.182602  
0.4053 0.2439 0.182254  
0.4253 0.2439 0.182011  
0.4453 0.2439 0.182  
0.4653 0.2439 0.182  
0.4853 0.2439 0.182101  
0.5053 0.2439 0.182328  
0.5253 0.2439 0.182699  
0.5453 0.2439 0.183191  
0.5653 0.2439 0.183787  
0.5853 0.2439 0.184481  
0.6053 0.2439 0.185332  
0.6253 0.2439 0.186274  
0.6453 0.2439 0.187319  
0.6653 0.2439 0.188498  
0.6853 0.2439 0.189891  
0.7053 0.2439 0.191277  
0.7253 0.2439 0.19289  
0.7453 0.2439 0.194628  
0.7653 0.2439 0.196527  
0.7853 0.2439 0.198613  
0.8053 0.2439 0.32  
0.8253 0.2439 0.32  
0.8453 0.2439 0.32  
0.8653 0.2439 0.32  
0.8853 0.2439 0.32  
0.9053 0.2439 0.32  
0.9253 0.2439 0.32  
0.9453 0.2439 0.32  
0.9653 0.2439 0.32  
0.9853 0.2439 0.32  
1.0053 0.2439 0.32  
1.0253 0.2439 0.32  
1.0453 0.2439 0.32  
1.0653 0.2439 0.32  
1.0853 0.2439 0.32  
1.1053 0.2439 0.32  
1.1253 0.2439 0.32  
1.1453 0.2439 0.32  
1.1653 0.2439 0.32  
1.1853 0.2439 0.32  
1.2053 0.2439 0.32  
1.2253 0.2439 0.32  
1.2453 0.2439 0.32  
1.2653 0.2439 0.32  
1.2853 0.2439 0.32  
1.3053 0.2439 0.32  
1.3253 0.2439 0.32  
1.3453 0.2439 0.32  
1.3653 0.2439 0.32  
1.3853 0.2439 0.32  
1.4053 0.2439 0.32  
1.4253 0.2439 0.32  
1.4453 0.2439 0.32  
1.4653 0.2439 0.32  
1.4853 0.2439 0.32  
1.5053 0.2439 0.32  
-0.3947 0.2639 0.32  
-0.3747 0.2639 0.32  
-0.3547 0.2639 0.32  
-0.3347 0.2639 0.32  
-0.3147 0.2639 0.32  
-0.2947 0.2639 0.32  
-0.2747 0.2639 0.32  
-0.2547 0.2639 0.32  
-0.2347 0.2639 0.32  
-0.2147 0.2639 0.32  
-0.1947 0.2639 0.32  
-0.1747 0.2639 0.32  
-0.1547 0.2639 0.32  
-0.1347 0.2639 0.32  
-0.1147 0.2639 0.32  
-0.0947 0.2639 0.32  
-0.0747 0.2639 0.32  
-0.0547 0.2639 0.32  
-0.0347 0.2639 0.32  
-0.0147 0.2639 0.32  
0.0053 0.2639 0.32  
0.0253 0.2639 0.32  
0.0453 0.2639 0.32  
0.0653 0.2639 0.32  
0.0853 0.2639 0.32  
0.1053 0.2639 0.32  
0.1253 0.2639 0.32  
0.1453 0.2639 0.32  
0.1653 0.2639 0.32  
0.1853 0.2639 0.32  
0.2053 0.2639 0.32  
0.2253 0.2639 0.32  
0.2453 0.2639 0.32  
0.2653 0.2639 0.32  
0.2853 0.2639 0.32  
0.3053 0.2639 0.32  
0.3253 0.2639 0.32  
0.3453 0.2639 0.32  
0.3653 0.2639 0.32  
0.3853 0.2639 0.32  
0.4053 0.2639 0.32  
0.4253 0.2639 0.32  
0.4453 0.2639 0.32  
0.4653 0.2639 0.32  
0.4853 0.2639 0.32  
0.5053 0.2639 0.32  
0.5253 0.2639 0.32  
0.5453 0.2639 0.32  
0.5653 0.2639 0.32  
0.5853 0.2639 0.32  
0.6053 0.2639 0.32  
0.6253 0.2639 0.32  
0.6453 0.2639 0.32  
0.6653 0.2639 0.32  
0.6853 0.2639 0.32  
0.7053 0.2639 0.32  
0.7253 0.2639 0.32  
0.7453 0.2639 0.32  
0.7653 0.2639 0.32  
0.7853 0.2639 0.32  
0.8053 0.2639 0.32  
0.8253 0.2639 0.32  
0.8453 0.2639 0.32  
0.8653 0.2639 0.32  
0.8853 0.2639 0.32  
0.9053 0.2639 0.32  
0.9253 0.2639 0.32  
0.9453 0.2639 0.32  
0.9653 0.2639 0.32  
0.9853 0.2639 0.32  
1.0053 0.2639 0.32  
1.0253 0.2639 0.32  
1.0453 0.2639 0.32  
1.0653 0.2639 0.32  
1.0853 0.2639 0.32  
1.1053 0.2639 0.32  
1.1253 0.2639 0.32  
1.1453 0.2639 0.32  
1.1653 0.2639 0.32  
1.1853 0.2639 0.32  
1.2053 0.2639 0.32  
1.2253 0.2639 0.32  
1.2453 0.2639 0.32  
1.2653 0.2639 0.32  
1.2853 0.2639 0.32  
1.3053 0.2639 0.32  
1.3253 0.2639 0.32  
1.3453 0.2639 0.32  
1.3653 0.2639 0.32  
1.3853 0.2639 0.32  
1.4053 0.2639 0.32  
1.4253 0.2639 0.32  
1.4453 0.2639 0.32  
1.4653 0.2639 0.32  
1.4853 0.2639 0.32  
1.5053 0.2639 0.32  
-0.3947 0.2839 0.32  
-0.3747 0.2839 0.32  
-0.3547 0.2839 0.32  
-0.3347 0.2839 0.32  
-0.3147 0.2839 0.32  
-0.2947 0.2839 0.32  
-0.2747 0.2839 0.32  
-0.2547 0.2839 0.32  
-0.2347 0.2839 0.32  
-0.2147 0.2839 0.32  
-0.1947 0.2839 0.32  
-0.1747 0.2839 0.32  
-0.1547 0.2839 0.32  
-0.1347 0.2839 0.32  
-0.1147 0.2839 0.32  
-0.0947 0.2839 0.32  
-0.0747 0.2839 0.32  
-0.0547 0.2839 0.32  
-0.0347 0.2839 0.32  
-0.0147 0.2839 0.32  
0.0053 0.2839 0.32  
0.0253 0.2839 0.32  
0.0453 0.2839 0.32  
0.0653 0.2839 0.32  
0.0853 0.2839 0.32  
0.1053 0.2839 0.32  
0.1253 0.2839 0.32  
0.1453 0.2839 0.32  
0.1653 0.2839 0.32  
0.1853 0.2839 0.32  
0.2053 0.2839 0.32  
0.2253 0.2839 0.32  
0.2453 0.2839 0.32  
0.2653 0.2839 0.32  
0.2853 0.2839 0.32  
0.3053 0.2839 0.32  
0.3253 0.2839 0.32  
0.3453 0.2839 0.32  
0.3653 0.2839 0.32  
0.3853 0.2839 0.32  
0.4053 0.2839 0.32  
0.4253 0.2839 0.32  
0.4453 0.2839 0.32  
0.4653 0.2839 0.32  
0.4853 0.2839 0.32  
0.5053 0.2839 0.32  
0.5253 0.2839 0.32  
0.5453 0.2839 0.32  
0.5653 0.2839 0.32  
0.5853 0.2839 0.32  
0.6053 0.2839 0.32  
0.6253 0.2839 0.32  
0.6453 0.2839 0.32  
0.6653 0.2839 0.32  
0.6853 0.2839 0.32  
0.7053 0.2839 0.32  
0.7253 0.2839 0.32  
0.7453 0.2839 0.32  
0.7653 0.2839 0.32  
0.7853 0.2839 0.32  
0.8053 0.2839 0.32  
0.8253 0.2839 0.32  
0.8453 0.2839 0.32  
0.8653 0.2839 0.32  
0.8853 0.2839 0.32  
0.9053 0.2839 0.32  
0.9253 0.2839 0.32  
0.9453 0.2839 0.32  
0.9653 0.2839 0.32  
0.9853 0.2839 0.32  
1.0053 0.2839 0.32  
1.0253 0.2839 0.32  
1.0453 0.2839 0.32  
1.0653 0.2839 0.32  
1.0853 0.2839 0.32  
1.1053 0.2839 0.32  
1.1253 0.2839 0.32  
1.1453 0.2839 0.32  
1.1653 0.2839 0.32  
1.1853 0.2839 0.32  
1.2053 0.2839 0.32  
1.2253 0.2839 0.32  
1.2453 0.2839 0.32  
1.2653 0.2839 0.32  
1.2853 0.2839 0.32  
1.3053 0.2839 0.32  
1.3253 0.2839 0.32  
1.3453 0.2839 0.32  
1.3653 0.2839 0.32  
1.3853 0.2839 0.32  
1.4053 0.2839 0.32  
1.4253 0.2839 0.32  
1.4453 0.2839 0.32  
1.4653 0.2839 0.32  
1.4853 0.2839 0.32  
1.5053 0.2839 0.32  
-0.3947 0.3039 0.32  
-0.3747 0.3039 0.32  
-0.3547 0.3039 0.32  
-0.3347 0.3039 0.32  
-0.3147 0.3039 0.32  
-0.2947 0.3039 0.32  
-0.2747 0.3039 0.32  
-0.2547 0.3039 0.32  
-0.2347 0.3039 0.32  
-0.2147 0.3039 0.32  
-0.1947 0.3039 0.32  
-0.1747 0.3039 0.32  
-0.1547 0.3039 0.32  
-0.1347 0.3039 0.32  
-0.1147 0.3039 0.32  
-0.0947 0.3039 0.32  
-0.0747 0.3039 0.32  
-0.0547 0.3039 0.32  
-0.0347 0.3039 0.32  
-0.0147 0.3039 0.32  
0.0053 0.3039 0.32  
0.0253 0.3039 0.32  
0.0453 0.3039 0.32  
0.0653 0.3039 0.32  
0.0853 0.3039 0.32  
0.1053 0.3039 0.32  
0.1253 0.3039 0.32  
0.1453 0.3039 0.32  
0.1653 0.3039 0.32  
0.1853 0.3039 0.32  
0.2053 0.3039 0.32  
0.2253 0.3039 0.32  
0.2453 0.3039 0.32  
0.2653 0.3039 0.32  
0.2853 0.3039 0.32  
0.3053 0.3039 0.32  
0.3253 0.3039 0.32  
0.3453 0.3039 0.32  
0.3653 0.3039 0.32  
0.3853 0.3039 0.32  
0.4053 0.3039 0.32  
0.4253 0.3039 0.32  
0.4453 0.3039 0.32  
0.4653 0.3039 0.32  
0.4853 0.3039 0.32  
0.5053 0.3039 0.32  
0.5253 0.3039 0.32  
0.5453 0.3039 0.32  
0.5653 0.3039 0.32  
0.5853 0.3039 0.32  
0.6053 0.3039 0.32  
0.6253 0.3039 0.32  
0.6453 0.3039 0.32  
0.6653 0.3039 0.32  
0.6853 0.3039 0.32  
0.7053 0.3039 0.32  
0.7253 0.3039 0.32  
0.7453 0.3039 0.32  
0.7653 0.3039 0.32  
0.7853 0.3039 0.32  
0.8053 0.3039 0.32  
0.8253 0.3039 0.32  
0.8453 0.3039 0.32  
0.8653 0.3039 0.32  
0.8853 0.3039 0.32  
0.9053 0.3039 0.32  
0.9253 0.3039 0.32  
0.9453 0.3039 0.32  
0.9653 0.3039 0.32  
0.9853 0.3039 0.32  
1.0053 0.3039 0.32  
1.0253 0.3039 0.32  
1.0453 0.3039 0.32  
1.0653 0.3039 0.32  
1.0853 0.3039 0.32  
1.1053 0.3039 0.32  
1.1253 0.3039 0.32  
1.1453 0.3039 0.32  
1.1653 0.3039 0.32  
1.1853 0.3039 0.32  
1.2053 0.3039 0.32  
1.2253 0.3039 0.32  
1.2453 0.3039 0.32  
1.2653 0.3039 0.32  
1.2853 0.3039 0.32  
1.3053 0.3039 0.32  
1.3253 0.3039 0.32  
1.3453 0.3039 0.32  
1.3653 0.3039 0.32  
1.3853 0.3039 0.32  
1.4053 0.3039 0.32  
1.4253 0.3039 0.32  
1.4453 0.3039 0.32  
1.4653 0.3039 0.32  
1.4853 0.3039 0.32  
1.5053 0.3039 0.32  
-0.3947 0.3239 0.32  
-0.3747 0.3239 0.32  
-0.3547 0.3239 0.32  
-0.3347 0.3239 0.32  
-0.3147 0.3239 0.32  
-0.2947 0.3239 0.32  
-0.2747 0.3239 0.32  
-0.2547 0.3239 0.32  
-0.2347 0.3239 0.32  
-0.2147 0.3239 0.32  
-0.1947 0.3239 0.32  
-0.1747 0.3239 0.32  
-0.1547 0.3239 0.32  
-0.1347 0.3239 0.32  
-0.1147 0.3239 0.32  
-0.0947 0.3239 0.32  
-0.0747 0.3239 0.32  
-0.0547 0.3239 0.32  
-0.0347 0.3239 0.32  
-0.0147 0.3239 0.32  
0.0053 0.3239 0.32  
0.0253 0.3239 0.32  
0.0453 0.3239 0.32  
0.0653 0.3239 0.32  
0.0853 0.3239 0.32  
0.1053 0.3239 0.32  
0.1253 0.3239 0.32  
0.1453 0.3239 0.32  
0.1653 0.3239 0.32  
0.1853 0.3239 0.32  
0.2053 0.3239 0.32  
0.2253 0.3239 0.32  
0.2453 0.3239 0.32  
0.2653 0.3239 0.32  
0.2853 0.3239 0.32  
0.3053 0.3239 0.32  
0.3253 0.3239 0.32  
0.3453 0.3239 0.32  
0.3653 0.3239 0.32  
0.3853 0.3239 0.32  
0.4053 0.3239 0.32  
0.4253 0.3239 0.32  
0.4453 0.3239 0.32  
0.4653 0.3239 0.32  
0.4853 0.3239 0.32  
0.5053 0.3239 0.32  
0.5253 0.3239 0.32  
0.5453 0.3239 0.32  
0.5653 0.3239 0.32  
0.5853 0.3239 0.32  
0.6053 0.3239 0.32  
0.6253 0.3239 0.32  
0.6453 0.3239 0.32  
0.6653 0.3239 0.32  
0.6853 0.3239 0.32  
0.7053 0.3239 0.32  
0.7253 0.3239 0.32  
0.7453 0.3239 0.32  
0.7653 0.3239 0.32  
0.7853 0.3239 0.32  
0.8053 0.3239 0.32  
0.8253 0.3239 0.32  
0.8453 0.3239 0.32  
0.8653 0.3239 0.32  
0.8853 0.3239 0.32  
0.9053 0.3239 0.32  
0.9253 0.3239 0.32  
0.9453 0.3239 0.32  
0.9653 0.3239 0.32  
0.9853 0.3239 0.32  
1.0053 0.3239 0.32  
1.0253 0.3239 0.32  
1.0453 0.3239 0.32  
1.0653 0.3239 0.32  
1.0853 0.3239 0.32  
1.1053 0.3239 0.32  
1.1253 0.3239 0.32  
1.1453 0.3239 0.32  
1.1653 0.3239 0.32  
1.1853 0.3239 0.32  
1.2053 0.3239 0.32  
1.2253 0.3239 0.32  
1.2453 0.3239 0.32  
1.2653 0.3239 0.32  
1.2853 0.3239 0.32  
1.3053 0.3239 0.32  
1.3253 0.3239 0.32  
1.3453 0.3239 0.32  
1.3653 0.3239 0.32  
1.3853 0.3239 0.32  
1.4053 0.3239 0.32  
1.4253 0.3239 0.32  
1.4453 0.3239 0.32  
1.4653 0.3239 0.32  
1.4853 0.3239 0.32  
1.5053 0.3239 0.32  
-0.3947 0.3439 0.32  
-0.3747 0.3439 0.32  
-0.3547 0.3439 0.32  
-0.3347 0.3439 0.32  
-0.3147 0.3439 0.32  
-0.2947 0.3439 0.32  
-0.2747 0.3439 0.32  
-0.2547 0.3439 0.32  
-0.2347 0.3439 0.32  
-0.2147 0.3439 0.32  
-0.1947 0.3439 0.32  
-0.1747 0.3439 0.32  
-0.1547 0.3439 0.32  
-0.1347 0.3439 0.32  
-0.1147 0.3439 0.32  
-0.0947 0.3439 0.32  
-0.0747 0.3439 0.32  
-0.0547 0.3439 0.32  
-0.0347 0.3439 0.32  
-0.0147 0.3439 0.32  
0.0053 0.3439 0.32  
0.0253 0.3439 0.32  
0.0453 0.3439 0.32  
0.0653 0.3439 0.32  
0.0853 0.3439 0.32  
0.1053 0.3439 0.32  
0.1253 0.3439 0.32  
0.1453 0.3439 0.32  
0.1653 0.3439 0.32  
0.1853 0.3439 0.32  
0.2053 0.3439 0.32  
0.2253 0.3439 0.32  
0.2453 0.3439 0.32  
0.2653 0.3439 0.32  
0.2853 0.3439 0.32  
0.3053 0.3439 0.32  
0.3253 0.3439 0.32  
0.3453 0.3439 0.32  
0.3653 0.3439 0.32  
0.3853 0.3439 0.32  
0.4053 0.3439 0.32  
0.4253 0.3439 0.32  
0.4453 0.3439 0.32  
0.4653 0.3439 0.32  
0.4853 0.3439 0.32  
0.5053 0.3439 0.32  
0.5253 0.3439 0.32  
0.5453 0.3439 0.32  
0.5653 0.3439 0.32  
0.5853 0.3439 0.32  
0.6053 0.3439 0.32  
0.6253 0.3439 0.32  
0.6453 0.3439 0.32  
0.6653 0.3439 0.32  
0.6853 0.3439 0.32  
0.7053 0.3439 0.32  
0.7253 0.3439 0.32  
0.7453 0.3439 0.32  
0.7653 0.3439 0.32  
0.7853 0.3439 0.32  
0.8053 0.3439 0.32  
0.8253 0.3439 0.32  
0.8453 0.3439 0.32  
0.8653 0.3439 0.32  
0.8853 0.3439 0.32  
0.9053 0.3439 0.32  
0.9253 0.3439 0.32  
0.9453 0.3439 0.32  
0.9653 0.3439 0.32  
0.9853 0.3439 0.32  
1.0053 0.3439 0.32  
1.0253 0.3439 0.32  
1.0453 0.3439 0.32  
1.0653 0.3439 0.32  
1.0853 0.3439 0.32  
1.1053 0.3439 0.32  
1.1253 0.3439 0.32  
1.1453 0.3439 0.32  
1.1653 0.3439 0.32  
1.1853 0.3439 0.32  
1.2053 0.3439 0.32  
1.2253 0.3439 0.32  
1.2453 0.3439 0.32  
1.2653 0.3439 0.32  
1.2853 0.3439 0.32  
1.3053 0.3439 0.32  
1.3253 0.3439 0.32  
1.3453 0.3439 0.32  
1.3653 0.3439 0.32  
1.3853 0.3439 0.32  
1.4053 0.3439 0.32  
1.4253 0.3439 0.32  
1.4453 0.3439 0.32  
1.4653 0.3439 0.32  
1.4853 0.3439 0.32  
1.5053 0.3439 0.32  
-0.3947 0.3639 0.32  
-0.3747 0.3639 0.32  
-0.3547 0.3639 0.32  
-0.3347 0.3639 0.32  
-0.3147 0.3639 0.32  
-0.2947 0.3639 0.32  
-0.2747 0.3639 0.32  
-0.2547 0.3639 0.32  
-0.2347 0.3639 0.32  
-0.2147 0.3639 0.32  
-0.1947 0.3639 0.32  
-0.1747 0.3639 0.32  
-0.1547 0.3639 0.32  
-0.1347 0.3639 0.32  
-0.1147 0.3639 0.32  
-0.0947 0.3639 0.32  
-0.0747 0.3639 0.32  
-0.0547 0.3639 0.32  
-0.0347 0.3639 0.32  
-0.0147 0.3639 0.32  
0.0053 0.3639 0.32  
0.0253 0.3639 0.32  
0.0453 0.3639 0.32  
0.0653 0.3639 0.32  
0.0853 0.3639 0.32  
0.1053 0.3639 0.32  
0.1253 0.3639 0.32  
0.1453 0.3639 0.32  
0.1653 0.3639 0.32  
0.1853 0.3639 0.32  
0.2053 0.3639 0.32  
0.2253 0.3639 0.32  
0.2453 0.3639 0.32  
0.2653 0.3639 0.32  
0.2853 0.3639 0.32  
0.3053 0.3639 0.32  
0.3253 0.3639 0.32  
0.3453 0.3639 0.32  
0.3653 0.3639 0.32  
0.3853 0.3639 0.32  
0.4053 0.3639 0.32  
0.4253 0.3639 0.32  
0.4453 0.3639 0.32  
0.4653 0.3639 0.32  
0.4853 0.3639 0.32  
0.5053 0.3639 0.32  
0.5253 0.3639 0.32  
0.5453 0.3639 0.32  
0.5653 0.3639 0.32  
0.5853 0.3639 0.32  
0.6053 0.3639 0.32  
0.6253 0.3639 0.32  
0.6453 0.3639 0.32  
0.6653 0.3639 0.32  
0.6853 0.3639 0.32  
0.7053 0.3639 0.32  
0.7253 0.3639 0.32  
0.7453 0.3639 0.32  
0.7653 0.3639 0.32  
0.7853 0.3639 0.32  
0.8053 0.3639 0.32  
0.8253 0.3639 0.32  
0.8453 0.3639 0.32  
0.8653 0.3639 0.32  
0.8853 0.3639 0.32  
0.9053 0.3639 0.32  
0.9253 0.3639 0.32  
0.9453 0.3639 0.32  
0.9653 0.3639 0.32  
0.9853 0.3639 0.32  
1.0053 0.3639 0.32  
1.0253 0.3639 0.32  
1.0453 0.3639 0.32  
1.0653 0.3639 0.32  
1.0853 0.3639 0.32  
1.1053 0.3639 0.32  
1.1253 0.3639 0.32  
1.1453 0.3639 0.32  
1.1653 0.3639 0.32  
1.1853 0.3639 0.32  
1.2053 0.3639 0.32  
1.2253 0.3639 0.32  
1.2453 0.3639 0.32  
1.2653 0.3639 0.32  
1.2853 0.3639 0.32  
1.3053 0.3639 0.32  
1.3253 0.3639 0.32  
1.3453 0.3639 0.32  
1.3653 0.3639 0.32  
1.3853 0.3639 0.32  
1.4053 0.3639 0.32  
1.4253 0.3639 0.32  
1.4453 0.3639 0.32  
1.4653 0.3639 0.32  
1.4853 0.3639 0.32  
1.5053 0.3639 0.32  
-0.3947 0.3839 0.32  
-0.3747 0.3839 0.32  
-0.3547 0.3839 0.32  
-0.3347 0.3839 0.32  
-0.3147 0.3839 0.32  
-0.2947 0.3839 0.32  
-0.2747 0.3839 0.32  
-0.2547 0.3839 0.32  
-0.2347 0.3839 0.32  
-0.2147 0.3839 0.32  
-0.1947 0.3839 0.32  
-0.1747 0.3839 0.32  
-0.1547 0.3839 0.32  
-0.1347 0.3839 0.32  
-0.1147 0.3839 0.32  
-0.0947 0.3839 0.32  
-0.0747 0.3839 0.32  
-0.0547 0.3839 0.32  
-0.0347 0.3839 0.32  
-0.0147 0.3839 0.32  
0.0053 0.3839 0.32  
0.0253 0.3839 0.32  
0.0453 0.3839 0.32  
0.0653 0.3839 0.32  
0.0853 0.3839 0.32  
0.1053 0.3839 0.32  
0.1253 0.3839 0.32  
0.1453 0.3839 0.32  
0.1653 0.3839 0.32  
0.1853 0.3839 0.32  
0.2053 0.3839 0.32  
0.2253 0.3839 0.32  
0.2453 0.3839 0.32  
0.2653 0.3839 0.32  
0.2853 0.3839 0.32  
0.3053 0.3839 0.32  
0.3253 0.3839 0.32  
0.3453 0.3839 0.32  
0.3653 0.3839 0.32  
0.3853 0.3839 0.32  
0.4053 0.3839 0.32  
0.4253 0.3839 0.32  
0.4453 0.3839 0.32  
0.4653 0.3839 0.32  
0.4853 0.3839 0.32  
0.5053 0.3839 0.32  
0.5253 0.3839 0.32  
0.5453 0.3839 0.32  
0.5653 0.3839 0.32  
0.5853 0.3839 0.32  
0.6053 0.3839 0.32  
0.6253 0.3839 0.32  
0.6453 0.3839 0.32  
0.6653 0.3839 0.32  
0.6853 0.3839 0.32  
0.7053 0.3839 0.32  
0.7253 0.3839 0.32  
0.7453 0.3839 0.32  
0.7653 0.3839 0.32  
0.7853 0.3839 0.32  
0.8053 0.3839 0.32  
0.8253 0.3839 0.32  
0.8453 0.3839 0.32  
0.8653 0.3839 0.32  
0.8853 0.3839 0.32  
0.9053 0.3839 0.32  
0.9253 0.3839 0.32  
0.9453 0.3839 0.32  
0.9653 0.3839 0.32  
0.9853 0.3839 0.32  
1.0053 0.3839 0.32  
1.0253 0.3839 0.32  
1.0453 0.3839 0.32  
1.0653 0.3839 0.32  
1.0853 0.3839 0.32  
1.1053 0.3839 0.32  
1.1253 0.3839 0.32  
1.1453 0.3839 0.32  
1.1653 0.3839 0.32  
1.1853 0.3839 0.32  
1.2053 0.3839 0.32  
1.2253 0.3839 0.32  
1.2453 0.3839 0.32  
1.2653 0.3839 0.32  
1.2853 0.3839 0.32  
1.3053 0.3839 0.32  
1.3253 0.3839 0.32  
1.3453 0.3839 0.32  
1.3653 0.3839 0.32  
1.3853 0.3839 0.32  
1.4053 0.3839 0.32  
1.4253 0.3839 0.32  
1.4453 0.3839 0.32  
1.4653 0.3839 0.32  
1.4853 0.3839 0.32  
1.5053 0.3839 0.32  
-0.3947 0.4039 0.32  
-0.3747 0.4039 0.32  
-0.3547 0.4039 0.32  
-0.3347 0.4039 0.32  
-0.3147 0.4039 0.32  
-0.2947 0.4039 0.32  
-0.2747 0.4039 0.32  
-0.2547 0.4039 0.32  
-0.2347 0.4039 0.32  
-0.2147 0.4039 0.32  
-0.1947 0.4039 0.32  
-0.1747 0.4039 0.32  
-0.1547 0.4039 0.32  
-0.1347 0.4039 0.32  
-0.1147 0.4039 0.32  
-0.0947 0.4039 0.32  
-0.0747 0.4039 0.32  
-0.0547 0.4039 0.32  
-0.0347 0.4039 0.32  
-0.0147 0.4039 0.32  
0.0053 0.4039 0.32  
0.0253 0.4039 0.32  
0.0453 0.4039 0.32  
0.0653 0.4039 0.32  
0.0853 0.4039 0.32  
0.1053 0.4039 0.32  
0.1253 0.4039 0.32  
0.1453 0.4039 0.32  
0.1653 0.4039 0.32  
0.1853 0.4039 0.32  
0.2053 0.4039 0.32  
0.2253 0.4039 0.32  
0.2453 0.4039 0.32  
0.2653 0.4039 0.32  
0.2853 0.4039 0.32  
0.3053 0.4039 0.32  
0.3253 0.4039 0.32  
0.3453 0.4039 0.32  
0.3653 0.4039 0.32  
0.3853 0.4039 0.32  
0.4053 0.4039 0.32  
0.4253 0.4039 0.32  
0.4453 0.4039 0.32  
0.4653 0.4039 0.32  
0.4853 0.4039 0.32  
0.5053 0.4039 0.32  
0.5253 0.4039 0.32  
0.5453 0.4039 0.32  
0.5653 0.4039 0.32  
0.5853 0.4039 0.32  
0.6053 0.4039 0.32  
0.6253 0.4039 0.32  
0.6453 0.4039 0.32  
0.6653 0.4039 0.32  
0.6853 0.4039 0.32  
0.7053 0.4039 0.32  
0.7253 0.4039 0.32  
0.7453 0.4039 0.32  
0.7653 0.4039 0.32  
0.7853 0.4039 0.32  
0.8053 0.4039 0.32  
0.8253 0.4039 0.32  
0.8453 0.4039 0.32  
0.8653 0.4039 0.32  
0.8853 0.4039 0.32  
0.9053 0.4039 0.32  
0.9253 0.4039 0.32  
0.9453 0.4039 0.32  
0.9653 0.4039 0.32  
0.9853 0.4039 0.32  
1.0053 0.4039 0.32  
1.0253 0.4039 0.32  
1.0453 0.4039 0.32  
1.0653 0.4039 0.32  
1.0853 0.4039 0.32  
1.1053 0.4039 0.32  
1.1253 0.4039 0.32  
1.1453 0.4039 0.32  
1.1653 0.4039 0.32  
1.1853 0.4039 0.32  
1.2053 0.4039 0.32  
1.2253 0.4039 0.32  
1.2453 0.4039 0.32  
1.2653 0.4039 0.32  
1.2853 0.4039 0.32  
1.3053 0.4039 0.32  
1.3253 0.4039 0.32  
1.3453 0.4039 0.32  
1.3653 0.4039 0.32  
1.3853 0.4039 0.32  
1.4053 0.4039 0.32  
1.4253 0.4039 0.32  
1.4453 0.4039 0.32  
1.4653 0.4039 0.32  
1.4853 0.4039 0.32  
1.5053 0.4039 0.32  
 
